{
  "field" : "golden",
  "symmetry" : "icosahedral",
  "orientations" : [ [ 1.0, 0.0, 0.0, 0.0, 0.0, 1.0, 0.0, 0.0, 0.0, 0.0, 1.0, 0.0, 0.0, 0.0, 0.0, 1.0 ], [ 0.0, 0.0, 1.0, 0.0, 1.0, 0.0, 0.0, 0.0, 0.0, 1.0, 0.0, 0.0, 0.0, 0.0, 0.0, 1.0 ], [ 0.0, 1.0, 0.0, 0.0, 0.0, 0.0, 1.0, 0.0, 1.0, 0.0, 0.0, 0.0, 0.0, 0.0, 0.0, 1.0 ], [ 0.809017, 0.309017, 0.5, 0.0, 0.309017, 0.5, -0.809017, 0.0, -0.5, 0.809017, 0.309017, 0.0, 0.0, 0.0, 0.0, 1.0 ], [ -0.5, 0.809017, 0.309017, 0.0, 0.809017, 0.309017, 0.5, 0.0, 0.309017, 0.5, -0.809017, 0.0, 0.0, 0.0, 0.0, 1.0 ], [ 0.309017, 0.5, -0.809017, 0.0, -0.5, 0.809017, 0.309017, 0.0, 0.809017, 0.309017, 0.5, 0.0, 0.0, 0.0, 0.0, 1.0 ], [ 0.5, 0.809017, 0.309017, 0.0, 0.809017, -0.309017, -0.5, 0.0, -0.309017, 0.5, -0.809017, 0.0, 0.0, 0.0, 0.0, 1.0 ], [ -0.309017, 0.5, -0.809017, 0.0, 0.5, 0.809017, 0.309017, 0.0, 0.809017, -0.309017, -0.5, 0.0, 0.0, 0.0, 0.0, 1.0 ], [ 0.809017, -0.309017, -0.5, 0.0, -0.309017, 0.5, -0.809017, 0.0, 0.5, 0.809017, 0.309017, 0.0, 0.0, 0.0, 0.0, 1.0 ], [ 0.5, 0.809017, -0.309017, 0.0, 0.809017, -0.309017, 0.5, 0.0, 0.309017, -0.5, -0.809017, 0.0, 0.0, 0.0, 0.0, 1.0 ], [ 0.309017, -0.5, -0.809017, 0.0, 0.5, 0.809017, -0.309017, 0.0, 0.809017, -0.309017, 0.5, 0.0, 0.0, 0.0, 0.0, 1.0 ], [ 0.809017, -0.309017, 0.5, 0.0, 0.309017, -0.5, -0.809017, 0.0, 0.5, 0.809017, -0.309017, 0.0, 0.0, 0.0, 0.0, 1.0 ], [ 0.809017, 0.309017, -0.5, 0.0, 0.309017, 0.5, 0.809017, 0.0, 0.5, -0.809017, 0.309017, 0.0, 0.0, 0.0, 0.0, 1.0 ], [ 0.5, -0.809017, 0.309017, 0.0, 0.809017, 0.309017, -0.5, 0.0, 0.309017, 0.5, 0.809017, 0.0, 0.0, 0.0, 0.0, 1.0 ], [ 0.309017, 0.5, 0.809017, 0.0, 0.5, -0.809017, 0.309017, 0.0, 0.809017, 0.309017, -0.5, 0.0, 0.0, 0.0, 0.0, 1.0 ], [ 1.0, 0.0, 0.0, 0.0, 0.0, -1.0, 0.0, 0.0, 0.0, 0.0, -1.0, 0.0, 0.0, 0.0, 0.0, 1.0 ], [ 0.0, 0.0, 1.0, 0.0, -1.0, 0.0, 0.0, 0.0, 0.0, -1.0, 0.0, 0.0, 0.0, 0.0, 0.0, 1.0 ], [ 0.0, 1.0, 0.0, 0.0, 0.0, 0.0, -1.0, 0.0, -1.0, 0.0, 0.0, 0.0, 0.0, 0.0, 0.0, 1.0 ], [ 0.809017, 0.309017, 0.5, 0.0, -0.309017, -0.5, 0.809017, 0.0, 0.5, -0.809017, -0.309017, 0.0, 0.0, 0.0, 0.0, 1.0 ], [ -0.5, 0.809017, 0.309017, 0.0, -0.809017, -0.309017, -0.5, 0.0, -0.309017, -0.5, 0.809017, 0.0, 0.0, 0.0, 0.0, 1.0 ], [ 0.309017, 0.5, -0.809017, 0.0, 0.5, -0.809017, -0.309017, 0.0, -0.809017, -0.309017, -0.5, 0.0, 0.0, 0.0, 0.0, 1.0 ], [ 0.5, 0.809017, 0.309017, 0.0, -0.809017, 0.309017, 0.5, 0.0, 0.309017, -0.5, 0.809017, 0.0, 0.0, 0.0, 0.0, 1.0 ], [ -0.309017, 0.5, -0.809017, 0.0, -0.5, -0.809017, -0.309017, 0.0, -0.809017, 0.309017, 0.5, 0.0, 0.0, 0.0, 0.0, 1.0 ], [ 0.809017, -0.309017, -0.5, 0.0, 0.309017, -0.5, 0.809017, 0.0, -0.5, -0.809017, -0.309017, 0.0, 0.0, 0.0, 0.0, 1.0 ], [ 0.5, 0.809017, -0.309017, 0.0, -0.809017, 0.309017, -0.5, 0.0, -0.309017, 0.5, 0.809017, 0.0, 0.0, 0.0, 0.0, 1.0 ], [ 0.309017, -0.5, -0.809017, 0.0, -0.5, -0.809017, 0.309017, 0.0, -0.809017, 0.309017, -0.5, 0.0, 0.0, 0.0, 0.0, 1.0 ], [ 0.809017, -0.309017, 0.5, 0.0, -0.309017, 0.5, 0.809017, 0.0, -0.5, -0.809017, 0.309017, 0.0, 0.0, 0.0, 0.0, 1.0 ], [ 0.809017, 0.309017, -0.5, 0.0, -0.309017, -0.5, -0.809017, 0.0, -0.5, 0.809017, -0.309017, 0.0, 0.0, 0.0, 0.0, 1.0 ], [ 0.5, -0.809017, 0.309017, 0.0, -0.809017, -0.309017, 0.5, 0.0, -0.309017, -0.5, -0.809017, 0.0, 0.0, 0.0, 0.0, 1.0 ], [ 0.309017, 0.5, 0.809017, 0.0, -0.5, 0.809017, -0.309017, 0.0, -0.809017, -0.309017, 0.5, 0.0, 0.0, 0.0, 0.0, 1.0 ], [ -1.0, 0.0, 0.0, 0.0, 0.0, -1.0, 0.0, 0.0, 0.0, 0.0, 1.0, 0.0, 0.0, 0.0, 0.0, 1.0 ], [ 0.0, 0.0, -1.0, 0.0, -1.0, 0.0, 0.0, 0.0, 0.0, 1.0, 0.0, 0.0, 0.0, 0.0, 0.0, 1.0 ], [ 0.0, -1.0, 0.0, 0.0, 0.0, 0.0, -1.0, 0.0, 1.0, 0.0, 0.0, 0.0, 0.0, 0.0, 0.0, 1.0 ], [ -0.809017, -0.309017, -0.5, 0.0, -0.309017, -0.5, 0.809017, 0.0, -0.5, 0.809017, 0.309017, 0.0, 0.0, 0.0, 0.0, 1.0 ], [ 0.5, -0.809017, -0.309017, 0.0, -0.809017, -0.309017, -0.5, 0.0, 0.309017, 0.5, -0.809017, 0.0, 0.0, 0.0, 0.0, 1.0 ], [ -0.309017, -0.5, 0.809017, 0.0, 0.5, -0.809017, -0.309017, 0.0, 0.809017, 0.309017, 0.5, 0.0, 0.0, 0.0, 0.0, 1.0 ], [ -0.5, -0.809017, -0.309017, 0.0, -0.809017, 0.309017, 0.5, 0.0, -0.309017, 0.5, -0.809017, 0.0, 0.0, 0.0, 0.0, 1.0 ], [ 0.309017, -0.5, 0.809017, 0.0, -0.5, -0.809017, -0.309017, 0.0, 0.809017, -0.309017, -0.5, 0.0, 0.0, 0.0, 0.0, 1.0 ], [ -0.809017, 0.309017, 0.5, 0.0, 0.309017, -0.5, 0.809017, 0.0, 0.5, 0.809017, 0.309017, 0.0, 0.0, 0.0, 0.0, 1.0 ], [ -0.5, -0.809017, 0.309017, 0.0, -0.809017, 0.309017, -0.5, 0.0, 0.309017, -0.5, -0.809017, 0.0, 0.0, 0.0, 0.0, 1.0 ], [ -0.309017, 0.5, 0.809017, 0.0, -0.5, -0.809017, 0.309017, 0.0, 0.809017, -0.309017, 0.5, 0.0, 0.0, 0.0, 0.0, 1.0 ], [ -0.809017, 0.309017, -0.5, 0.0, -0.309017, 0.5, 0.809017, 0.0, 0.5, 0.809017, -0.309017, 0.0, 0.0, 0.0, 0.0, 1.0 ], [ -0.809017, -0.309017, 0.5, 0.0, -0.309017, -0.5, -0.809017, 0.0, 0.5, -0.809017, 0.309017, 0.0, 0.0, 0.0, 0.0, 1.0 ], [ -0.5, 0.809017, -0.309017, 0.0, -0.809017, -0.309017, 0.5, 0.0, 0.309017, 0.5, 0.809017, 0.0, 0.0, 0.0, 0.0, 1.0 ], [ -0.309017, -0.5, -0.809017, 0.0, -0.5, 0.809017, -0.309017, 0.0, 0.809017, 0.309017, -0.5, 0.0, 0.0, 0.0, 0.0, 1.0 ], [ -1.0, 0.0, 0.0, 0.0, 0.0, 1.0, 0.0, 0.0, 0.0, 0.0, -1.0, 0.0, 0.0, 0.0, 0.0, 1.0 ], [ 0.0, 0.0, -1.0, 0.0, 1.0, 0.0, 0.0, 0.0, 0.0, -1.0, 0.0, 0.0, 0.0, 0.0, 0.0, 1.0 ], [ 0.0, -1.0, 0.0, 0.0, 0.0, 0.0, 1.0, 0.0, -1.0, 0.0, 0.0, 0.0, 0.0, 0.0, 0.0, 1.0 ], [ -0.809017, -0.309017, -0.5, 0.0, 0.309017, 0.5, -0.809017, 0.0, 0.5, -0.809017, -0.309017, 0.0, 0.0, 0.0, 0.0, 1.0 ], [ 0.5, -0.809017, -0.309017, 0.0, 0.809017, 0.309017, 0.5, 0.0, -0.309017, -0.5, 0.809017, 0.0, 0.0, 0.0, 0.0, 1.0 ], [ -0.309017, -0.5, 0.809017, 0.0, -0.5, 0.809017, 0.309017, 0.0, -0.809017, -0.309017, -0.5, 0.0, 0.0, 0.0, 0.0, 1.0 ], [ -0.5, -0.809017, -0.309017, 0.0, 0.809017, -0.309017, -0.5, 0.0, 0.309017, -0.5, 0.809017, 0.0, 0.0, 0.0, 0.0, 1.0 ], [ 0.309017, -0.5, 0.809017, 0.0, 0.5, 0.809017, 0.309017, 0.0, -0.809017, 0.309017, 0.5, 0.0, 0.0, 0.0, 0.0, 1.0 ], [ -0.809017, 0.309017, 0.5, 0.0, -0.309017, 0.5, -0.809017, 0.0, -0.5, -0.809017, -0.309017, 0.0, 0.0, 0.0, 0.0, 1.0 ], [ -0.5, -0.809017, 0.309017, 0.0, 0.809017, -0.309017, 0.5, 0.0, -0.309017, 0.5, 0.809017, 0.0, 0.0, 0.0, 0.0, 1.0 ], [ -0.309017, 0.5, 0.809017, 0.0, 0.5, 0.809017, -0.309017, 0.0, -0.809017, 0.309017, -0.5, 0.0, 0.0, 0.0, 0.0, 1.0 ], [ -0.809017, 0.309017, -0.5, 0.0, 0.309017, -0.5, -0.809017, 0.0, -0.5, -0.809017, 0.309017, 0.0, 0.0, 0.0, 0.0, 1.0 ], [ -0.809017, -0.309017, 0.5, 0.0, 0.309017, 0.5, 0.809017, 0.0, -0.5, 0.809017, -0.309017, 0.0, 0.0, 0.0, 0.0, 1.0 ], [ -0.5, 0.809017, -0.309017, 0.0, 0.809017, 0.309017, -0.5, 0.0, -0.309017, -0.5, -0.809017, 0.0, 0.0, 0.0, 0.0, 1.0 ], [ -0.309017, -0.5, -0.809017, 0.0, 0.5, -0.809017, 0.309017, 0.0, -0.809017, -0.309017, 0.5, 0.0, 0.0, 0.0, 0.0, 1.0 ] ],
  "lights" : {
    "ambientColor" : "#292929",
    "backgroundColor" : "#000000",
    "directionalLights" : [ {
      "direction" : {
        "x" : 1.0,
        "y" : -1.0,
        "z" : -1.0
      },
      "color" : "#EBEBE4"
    }, {
      "direction" : {
        "x" : -1.0,
        "y" : 0.0,
        "z" : 0.0
      },
      "color" : "#E4E4EB"
    }, {
      "direction" : {
        "x" : 0.0,
        "y" : 0.0,
        "z" : -1.0
      },
      "color" : "#1E1E1E"
    } ]
  },
  "camera" : {
    "stereo" : false,
    "width" : 48.929153,
    "viewDistance" : 108.73127,
    "nearClipDistance" : 0.27182838,
    "farClipDistance" : 217.46294,
    "lookAtPoint" : {
      "x" : 0.0,
      "y" : 0.0,
      "z" : 0.0
    },
    "fieldOfView" : 0.4426296,
    "perspective" : false,
    "lookDirection" : {
      "x" : -0.57735026,
      "y" : -0.57735026,
      "z" : -0.57735026
    },
    "upDirection" : {
      "x" : -0.218508,
      "y" : 0.7905694,
      "z" : -0.5720614
    },
    "position" : {
      "x" : 62.776028,
      "y" : 62.776028,
      "z" : 62.776028
    }
  },
  "embedding" : [ 1.0, 0.0, 0.0, 0.0, 0.0, 1.0, 0.0, 0.0, 0.0, 0.0, 1.0, 0.0, 0.0, 0.0, 0.0, 1.0 ],
  "shapes" : [ {
    "id" : "c12d7f8c-8877-405c-b4de-52e17bc525ec",
    "vertices" : [ {
      "x" : 0.0,
      "y" : -4.36339,
      "z" : -1.745356
    }, {
      "x" : 0.872678,
      "y" : -5.236068,
      "z" : -1.745356
    }, {
      "x" : 0.0,
      "y" : -6.108746,
      "z" : -1.745356
    }, {
      "x" : -0.872678,
      "y" : -5.236068,
      "z" : -1.745356
    } ],
    "faces" : [ {
      "vertices" : [ 0, 1, 2 ]
    }, {
      "vertices" : [ 0, 2, 3 ]
    }, {
      "vertices" : [ 0, 3, 2 ]
    }, {
      "vertices" : [ 0, 2, 1 ]
    } ]
  }, {
    "id" : "55f34e5b-293e-4566-826b-81b09cbf98cb",
    "vertices" : [ {
      "x" : -1.745356,
      "y" : -4.36339,
      "z" : 5.236068
    }, {
      "x" : -0.872678,
      "y" : -3.490712,
      "z" : 5.236068
    }, {
      "x" : 0.0,
      "y" : -3.490712,
      "z" : 6.108746
    }, {
      "x" : 0.0,
      "y" : -4.36339,
      "z" : 6.981424
    }, {
      "x" : -0.872678,
      "y" : -5.236068,
      "z" : 6.981424
    }, {
      "x" : -1.745356,
      "y" : -5.236068,
      "z" : 6.108746
    } ],
    "faces" : [ {
      "vertices" : [ 0, 1, 2 ]
    }, {
      "vertices" : [ 0, 2, 3 ]
    }, {
      "vertices" : [ 0, 3, 4 ]
    }, {
      "vertices" : [ 0, 4, 5 ]
    }, {
      "vertices" : [ 0, 5, 4 ]
    }, {
      "vertices" : [ 0, 4, 3 ]
    }, {
      "vertices" : [ 0, 3, 2 ]
    }, {
      "vertices" : [ 0, 2, 1 ]
    } ]
  }, {
    "id" : "3a99150c-dcc5-4352-834a-e7365ebd8c16",
    "vertices" : [ {
      "x" : 0.0,
      "y" : 3.490712,
      "z" : -9.599458
    }, {
      "x" : -0.872678,
      "y" : 3.490712,
      "z" : -10.472136
    }, {
      "x" : 0.0,
      "y" : 3.490712,
      "z" : -11.344814
    }, {
      "x" : 0.872678,
      "y" : 3.490712,
      "z" : -10.472136
    } ],
    "faces" : [ {
      "vertices" : [ 0, 1, 2 ]
    }, {
      "vertices" : [ 0, 2, 3 ]
    }, {
      "vertices" : [ 0, 3, 2 ]
    }, {
      "vertices" : [ 0, 2, 1 ]
    } ]
  }, {
    "id" : "0de026b6-33f1-4108-87e0-ea74d4bc65ba",
    "vertices" : [ {
      "x" : -5.236068,
      "y" : -0.872678,
      "z" : 3.490712
    }, {
      "x" : -6.108746,
      "y" : 0.0,
      "z" : 3.490712
    }, {
      "x" : -6.981424,
      "y" : 0.0,
      "z" : 4.36339
    }, {
      "x" : -6.981424,
      "y" : -0.872678,
      "z" : 5.236068
    }, {
      "x" : -6.108746,
      "y" : -1.745356,
      "z" : 5.236068
    }, {
      "x" : -5.236068,
      "y" : -1.745356,
      "z" : 4.36339
    } ],
    "faces" : [ {
      "vertices" : [ 0, 1, 2 ]
    }, {
      "vertices" : [ 0, 2, 3 ]
    }, {
      "vertices" : [ 0, 3, 4 ]
    }, {
      "vertices" : [ 0, 4, 5 ]
    }, {
      "vertices" : [ 0, 5, 4 ]
    }, {
      "vertices" : [ 0, 4, 3 ]
    }, {
      "vertices" : [ 0, 3, 2 ]
    }, {
      "vertices" : [ 0, 2, 1 ]
    } ]
  }, {
    "id" : "4b7f5b95-0102-44d0-9a72-52e4a373563f",
    "vertices" : [ {
      "x" : -3.490712,
      "y" : 4.36339,
      "z" : 0.0
    }, {
      "x" : -3.490712,
      "y" : 5.236068,
      "z" : -0.872678
    }, {
      "x" : -4.36339,
      "y" : 5.236068,
      "z" : -1.745356
    }, {
      "x" : -5.236068,
      "y" : 4.36339,
      "z" : -1.745356
    }, {
      "x" : -5.236068,
      "y" : 3.490712,
      "z" : -0.872678
    }, {
      "x" : -4.36339,
      "y" : 3.490712,
      "z" : 0.0
    } ],
    "faces" : [ {
      "vertices" : [ 0, 1, 2 ]
    }, {
      "vertices" : [ 0, 2, 3 ]
    }, {
      "vertices" : [ 0, 3, 4 ]
    }, {
      "vertices" : [ 0, 4, 5 ]
    }, {
      "vertices" : [ 0, 5, 4 ]
    }, {
      "vertices" : [ 0, 4, 3 ]
    }, {
      "vertices" : [ 0, 3, 2 ]
    }, {
      "vertices" : [ 0, 2, 1 ]
    } ]
  }, {
    "id" : "3bc23362-32e3-4bc1-9a15-60d35d241762",
    "vertices" : [ {
      "x" : 6.981424,
      "y" : -9.599458,
      "z" : 5.236068
    }, {
      "x" : 6.108746,
      "y" : -8.72678,
      "z" : 5.236068
    }, {
      "x" : 5.236068,
      "y" : -8.72678,
      "z" : 4.36339
    }, {
      "x" : 5.236068,
      "y" : -9.599458,
      "z" : 3.490712
    }, {
      "x" : 6.108746,
      "y" : -10.472136,
      "z" : 3.490712
    }, {
      "x" : 6.981424,
      "y" : -10.472136,
      "z" : 4.36339
    } ],
    "faces" : [ {
      "vertices" : [ 0, 1, 2 ]
    }, {
      "vertices" : [ 0, 2, 3 ]
    }, {
      "vertices" : [ 0, 3, 4 ]
    }, {
      "vertices" : [ 0, 4, 5 ]
    }, {
      "vertices" : [ 0, 5, 4 ]
    }, {
      "vertices" : [ 0, 4, 3 ]
    }, {
      "vertices" : [ 0, 3, 2 ]
    }, {
      "vertices" : [ 0, 2, 1 ]
    } ]
  }, {
    "id" : "6e1e3c62-e3e7-4aef-b210-7cc7d6d4af21",
    "vertices" : [ {
      "x" : 3.490712,
      "y" : -9.599458,
      "z" : 5.236068
    }, {
      "x" : 3.490712,
      "y" : -10.472136,
      "z" : 4.36339
    }, {
      "x" : 3.490712,
      "y" : -11.344814,
      "z" : 5.236068
    }, {
      "x" : 3.490712,
      "y" : -10.472136,
      "z" : 6.108746
    } ],
    "faces" : [ {
      "vertices" : [ 0, 1, 2 ]
    }, {
      "vertices" : [ 0, 2, 3 ]
    }, {
      "vertices" : [ 0, 3, 2 ]
    }, {
      "vertices" : [ 0, 2, 1 ]
    } ]
  }, {
    "id" : "dc7a31bf-d333-4cba-8e45-d85601c8f100",
    "vertices" : [ {
      "x" : -5.236068,
      "y" : 12.217492,
      "z" : -4.36339
    }, {
      "x" : -6.108746,
      "y" : 12.217492,
      "z" : -5.236068
    }, {
      "x" : -5.236068,
      "y" : 12.217492,
      "z" : -6.108746
    }, {
      "x" : -4.36339,
      "y" : 12.217492,
      "z" : -5.236068
    } ],
    "faces" : [ {
      "vertices" : [ 0, 1, 2 ]
    }, {
      "vertices" : [ 0, 2, 3 ]
    }, {
      "vertices" : [ 0, 3, 2 ]
    }, {
      "vertices" : [ 0, 2, 1 ]
    } ]
  }, {
    "id" : "f20b1f32-6901-44f0-bd30-c9f8d4849cdb",
    "vertices" : [ {
      "x" : -3.490712,
      "y" : 16.580881,
      "z" : 5.236068
    }, {
      "x" : -4.36339,
      "y" : 17.45356,
      "z" : 5.236068
    }, {
      "x" : -5.236068,
      "y" : 17.45356,
      "z" : 4.36339
    }, {
      "x" : -5.236068,
      "y" : 16.580881,
      "z" : 3.490712
    }, {
      "x" : -4.36339,
      "y" : 15.708204,
      "z" : 3.490712
    }, {
      "x" : -3.490712,
      "y" : 15.708204,
      "z" : 4.36339
    } ],
    "faces" : [ {
      "vertices" : [ 0, 1, 2 ]
    }, {
      "vertices" : [ 0, 2, 3 ]
    }, {
      "vertices" : [ 0, 3, 4 ]
    }, {
      "vertices" : [ 0, 4, 5 ]
    }, {
      "vertices" : [ 0, 5, 4 ]
    }, {
      "vertices" : [ 0, 4, 3 ]
    }, {
      "vertices" : [ 0, 3, 2 ]
    }, {
      "vertices" : [ 0, 2, 1 ]
    } ]
  }, {
    "id" : "473f6df8-114b-4a1a-914c-88d4851b478b",
    "vertices" : [ {
      "x" : 0.0,
      "y" : -6.981424,
      "z" : 11.344814
    }, {
      "x" : -0.872678,
      "y" : -6.981424,
      "z" : 10.472136
    }, {
      "x" : 0.0,
      "y" : -6.981424,
      "z" : 9.599458
    }, {
      "x" : 0.872678,
      "y" : -6.981424,
      "z" : 10.472136
    } ],
    "faces" : [ {
      "vertices" : [ 0, 1, 2 ]
    }, {
      "vertices" : [ 0, 2, 3 ]
    }, {
      "vertices" : [ 0, 3, 2 ]
    }, {
      "vertices" : [ 0, 2, 1 ]
    } ]
  }, {
    "id" : "5fb911f8-ad3f-46b0-967b-facda057599c",
    "vertices" : [ {
      "x" : 0.0,
      "y" : 1.745356,
      "z" : 0.872678
    }, {
      "x" : -0.872678,
      "y" : 1.745356,
      "z" : 0.0
    }, {
      "x" : 0.0,
      "y" : 1.745356,
      "z" : -0.872678
    }, {
      "x" : 0.872678,
      "y" : 1.745356,
      "z" : 0.0
    } ],
    "faces" : [ {
      "vertices" : [ 0, 1, 2 ]
    }, {
      "vertices" : [ 0, 2, 3 ]
    }, {
      "vertices" : [ 0, 3, 2 ]
    }, {
      "vertices" : [ 0, 2, 1 ]
    } ]
  }, {
    "id" : "d790fe9a-8467-4b34-9a03-fe66756f7bcf",
    "vertices" : [ {
      "x" : 1.745356,
      "y" : -5.236068,
      "z" : 21.81695
    }, {
      "x" : 1.745356,
      "y" : -4.36339,
      "z" : 20.944271
    }, {
      "x" : 1.745356,
      "y" : -5.236068,
      "z" : 20.071594
    }, {
      "x" : 1.745356,
      "y" : -6.108746,
      "z" : 20.944271
    } ],
    "faces" : [ {
      "vertices" : [ 0, 1, 2 ]
    }, {
      "vertices" : [ 0, 2, 3 ]
    }, {
      "vertices" : [ 0, 3, 2 ]
    }, {
      "vertices" : [ 0, 2, 1 ]
    } ]
  }, {
    "id" : "ba29dc18-4ae0-4423-8637-ebeeb2a650e7",
    "vertices" : [ {
      "x" : -3.490712,
      "y" : -0.872678,
      "z" : 0.0
    }, {
      "x" : -3.490712,
      "y" : 0.0,
      "z" : -0.872678
    }, {
      "x" : -4.36339,
      "y" : 0.0,
      "z" : -1.745356
    }, {
      "x" : -5.236068,
      "y" : -0.872678,
      "z" : -1.745356
    }, {
      "x" : -5.236068,
      "y" : -1.745356,
      "z" : -0.872678
    }, {
      "x" : -4.36339,
      "y" : -1.745356,
      "z" : 0.0
    } ],
    "faces" : [ {
      "vertices" : [ 0, 1, 2 ]
    }, {
      "vertices" : [ 0, 2, 3 ]
    }, {
      "vertices" : [ 0, 3, 4 ]
    }, {
      "vertices" : [ 0, 4, 5 ]
    }, {
      "vertices" : [ 0, 5, 4 ]
    }, {
      "vertices" : [ 0, 4, 3 ]
    }, {
      "vertices" : [ 0, 3, 2 ]
    }, {
      "vertices" : [ 0, 2, 1 ]
    } ]
  }, {
    "id" : "33c43bb3-75c9-465a-b3cb-ed7e1740a2a4",
    "vertices" : [ {
      "x" : -3.490712,
      "y" : 4.36339,
      "z" : 5.236068
    }, {
      "x" : -3.490712,
      "y" : 5.236068,
      "z" : 4.36339
    }, {
      "x" : -4.36339,
      "y" : 5.236068,
      "z" : 3.490712
    }, {
      "x" : -5.236068,
      "y" : 4.36339,
      "z" : 3.490712
    }, {
      "x" : -5.236068,
      "y" : 3.490712,
      "z" : 4.36339
    }, {
      "x" : -4.36339,
      "y" : 3.490712,
      "z" : 5.236068
    } ],
    "faces" : [ {
      "vertices" : [ 0, 1, 2 ]
    }, {
      "vertices" : [ 0, 2, 3 ]
    }, {
      "vertices" : [ 0, 3, 4 ]
    }, {
      "vertices" : [ 0, 4, 5 ]
    }, {
      "vertices" : [ 0, 5, 4 ]
    }, {
      "vertices" : [ 0, 4, 3 ]
    }, {
      "vertices" : [ 0, 3, 2 ]
    }, {
      "vertices" : [ 0, 2, 1 ]
    } ]
  }, {
    "id" : "db09b156-70b5-4454-a68d-f3e53a899f2f",
    "vertices" : [ {
      "x" : 5.236068,
      "y" : -12.217492,
      "z" : -4.36339
    }, {
      "x" : 4.36339,
      "y" : -12.217492,
      "z" : -5.236068
    }, {
      "x" : 5.236068,
      "y" : -12.217492,
      "z" : -6.108746
    }, {
      "x" : 6.108746,
      "y" : -12.217492,
      "z" : -5.236068
    } ],
    "faces" : [ {
      "vertices" : [ 0, 1, 2 ]
    }, {
      "vertices" : [ 0, 2, 3 ]
    }, {
      "vertices" : [ 0, 3, 2 ]
    }, {
      "vertices" : [ 0, 2, 1 ]
    } ]
  }, {
    "id" : "c7028131-030c-4881-94fe-67cdacb597fe",
    "vertices" : [ {
      "x" : 5.236068,
      "y" : -4.36339,
      "z" : -13.962848
    }, {
      "x" : 5.236068,
      "y" : -3.490712,
      "z" : -14.8355255
    }, {
      "x" : 6.108746,
      "y" : -3.490712,
      "z" : -15.708204
    }, {
      "x" : 6.981424,
      "y" : -4.36339,
      "z" : -15.708204
    }, {
      "x" : 6.981424,
      "y" : -5.236068,
      "z" : -14.8355255
    }, {
      "x" : 6.108746,
      "y" : -5.236068,
      "z" : -13.962848
    } ],
    "faces" : [ {
      "vertices" : [ 0, 1, 2 ]
    }, {
      "vertices" : [ 0, 2, 3 ]
    }, {
      "vertices" : [ 0, 3, 4 ]
    }, {
      "vertices" : [ 0, 4, 5 ]
    }, {
      "vertices" : [ 0, 5, 4 ]
    }, {
      "vertices" : [ 0, 4, 3 ]
    }, {
      "vertices" : [ 0, 3, 2 ]
    }, {
      "vertices" : [ 0, 2, 1 ]
    } ]
  }, {
    "id" : "6fd8a05c-d895-4871-ab2b-4e45c594a627",
    "vertices" : [ {
      "x" : 0.872678,
      "y" : 0.0,
      "z" : 6.981424
    }, {
      "x" : 1.745356,
      "y" : 0.0,
      "z" : 6.108746
    }, {
      "x" : 1.745356,
      "y" : -0.872678,
      "z" : 5.236068
    }, {
      "x" : 0.872678,
      "y" : -1.745356,
      "z" : 5.236068
    }, {
      "x" : 0.0,
      "y" : -1.745356,
      "z" : 6.108746
    }, {
      "x" : 0.0,
      "y" : -0.872678,
      "z" : 6.981424
    } ],
    "faces" : [ {
      "vertices" : [ 0, 1, 2 ]
    }, {
      "vertices" : [ 0, 2, 3 ]
    }, {
      "vertices" : [ 0, 3, 4 ]
    }, {
      "vertices" : [ 0, 4, 5 ]
    }, {
      "vertices" : [ 0, 5, 4 ]
    }, {
      "vertices" : [ 0, 4, 3 ]
    }, {
      "vertices" : [ 0, 3, 2 ]
    }, {
      "vertices" : [ 0, 2, 1 ]
    } ]
  }, {
    "id" : "459937f3-cfc3-42f1-8341-be46931ddf97",
    "vertices" : [ {
      "x" : 0.0,
      "y" : -4.36339,
      "z" : 22.689629
    }, {
      "x" : 0.872678,
      "y" : -5.236068,
      "z" : 22.689629
    }, {
      "x" : 0.0,
      "y" : -6.108746,
      "z" : 22.689629
    }, {
      "x" : -0.872678,
      "y" : -5.236068,
      "z" : 22.689629
    } ],
    "faces" : [ {
      "vertices" : [ 0, 1, 2 ]
    }, {
      "vertices" : [ 0, 2, 3 ]
    }, {
      "vertices" : [ 0, 3, 2 ]
    }, {
      "vertices" : [ 0, 2, 1 ]
    } ]
  }, {
    "id" : "347f7375-7345-4463-967a-03be8881a5b2",
    "vertices" : [ {
      "x" : 5.236068,
      "y" : -4.36339,
      "z" : -1.745356
    }, {
      "x" : 6.108746,
      "y" : -5.236068,
      "z" : -1.745356
    }, {
      "x" : 5.236068,
      "y" : -6.108746,
      "z" : -1.745356
    }, {
      "x" : 4.36339,
      "y" : -5.236068,
      "z" : -1.745356
    } ],
    "faces" : [ {
      "vertices" : [ 0, 1, 2 ]
    }, {
      "vertices" : [ 0, 2, 3 ]
    }, {
      "vertices" : [ 0, 3, 2 ]
    }, {
      "vertices" : [ 0, 2, 1 ]
    } ]
  }, {
    "id" : "f71887dc-13f0-4744-a6a5-700fa2c19f42",
    "vertices" : [ {
      "x" : 0.0,
      "y" : 1.745356,
      "z" : 6.108746
    }, {
      "x" : -0.872678,
      "y" : 1.745356,
      "z" : 5.236068
    }, {
      "x" : 0.0,
      "y" : 1.745356,
      "z" : 4.36339
    }, {
      "x" : 0.872678,
      "y" : 1.745356,
      "z" : 5.236068
    } ],
    "faces" : [ {
      "vertices" : [ 0, 1, 2 ]
    }, {
      "vertices" : [ 0, 2, 3 ]
    }, {
      "vertices" : [ 0, 3, 2 ]
    }, {
      "vertices" : [ 0, 2, 1 ]
    } ]
  }, {
    "id" : "9ed09c77-8304-4e73-b822-e719fa875c6c",
    "vertices" : [ {
      "x" : 5.236068,
      "y" : 0.872678,
      "z" : -6.981424
    }, {
      "x" : 5.236068,
      "y" : 1.745356,
      "z" : -6.108746
    }, {
      "x" : 4.36339,
      "y" : 1.745356,
      "z" : -5.236068
    }, {
      "x" : 3.490712,
      "y" : 0.872678,
      "z" : -5.236068
    }, {
      "x" : 3.490712,
      "y" : 0.0,
      "z" : -6.108746
    }, {
      "x" : 4.36339,
      "y" : 0.0,
      "z" : -6.981424
    } ],
    "faces" : [ {
      "vertices" : [ 0, 1, 2 ]
    }, {
      "vertices" : [ 0, 2, 3 ]
    }, {
      "vertices" : [ 0, 3, 4 ]
    }, {
      "vertices" : [ 0, 4, 5 ]
    }, {
      "vertices" : [ 0, 5, 4 ]
    }, {
      "vertices" : [ 0, 4, 3 ]
    }, {
      "vertices" : [ 0, 3, 2 ]
    }, {
      "vertices" : [ 0, 2, 1 ]
    } ]
  }, {
    "id" : "8d8ac5fa-15f0-4ab7-b4e6-56b05fee803a",
    "vertices" : [ {
      "x" : 4.236068,
      "y" : 0.309017,
      "z" : 0.19098301
    }, {
      "x" : 4.236068,
      "y" : 0.309017,
      "z" : -0.19098301
    }, {
      "x" : 1.0,
      "y" : 0.309017,
      "z" : -0.19098301
    }, {
      "x" : 1.0,
      "y" : 0.309017,
      "z" : 0.19098301
    }, {
      "x" : 4.236068,
      "y" : -0.309017,
      "z" : 0.19098301
    }, {
      "x" : 1.0,
      "y" : -0.309017,
      "z" : 0.19098301
    }, {
      "x" : 1.0,
      "y" : -0.309017,
      "z" : -0.19098301
    }, {
      "x" : 4.236068,
      "y" : -0.309017,
      "z" : -0.19098301
    }, {
      "x" : 5.236068,
      "y" : 0.0,
      "z" : 0.0
    } ],
    "faces" : [ {
      "vertices" : [ 1, 7, 6 ]
    }, {
      "vertices" : [ 1, 6, 2 ]
    }, {
      "vertices" : [ 0, 1, 2 ]
    }, {
      "vertices" : [ 0, 2, 3 ]
    }, {
      "vertices" : [ 4, 5, 6 ]
    }, {
      "vertices" : [ 4, 6, 7 ]
    }, {
      "vertices" : [ 0, 3, 5 ]
    }, {
      "vertices" : [ 0, 5, 4 ]
    } ]
  }, {
    "id" : "d96f0f03-d72f-4841-a1ed-f42a74508566",
    "vertices" : [ {
      "x" : -6.981424,
      "y" : 6.108746,
      "z" : 15.708204
    }, {
      "x" : -6.981424,
      "y" : 5.236068,
      "z" : 14.8355255
    }, {
      "x" : -6.981424,
      "y" : 4.36339,
      "z" : 15.708204
    }, {
      "x" : -6.981424,
      "y" : 5.236068,
      "z" : 16.580881
    } ],
    "faces" : [ {
      "vertices" : [ 0, 1, 2 ]
    }, {
      "vertices" : [ 0, 2, 3 ]
    }, {
      "vertices" : [ 0, 3, 2 ]
    }, {
      "vertices" : [ 0, 2, 1 ]
    } ]
  }, {
    "id" : "c8430e94-ed75-4677-8265-dc5624e19d24",
    "vertices" : [ {
      "x" : 5.236068,
      "y" : -0.872678,
      "z" : -6.981424
    }, {
      "x" : 4.36339,
      "y" : 0.0,
      "z" : -6.981424
    }, {
      "x" : 3.490712,
      "y" : 0.0,
      "z" : -6.108746
    }, {
      "x" : 3.490712,
      "y" : -0.872678,
      "z" : -5.236068
    }, {
      "x" : 4.36339,
      "y" : -1.745356,
      "z" : -5.236068
    }, {
      "x" : 5.236068,
      "y" : -1.745356,
      "z" : -6.108746
    } ],
    "faces" : [ {
      "vertices" : [ 0, 1, 2 ]
    }, {
      "vertices" : [ 0, 2, 3 ]
    }, {
      "vertices" : [ 0, 3, 4 ]
    }, {
      "vertices" : [ 0, 4, 5 ]
    }, {
      "vertices" : [ 0, 5, 4 ]
    }, {
      "vertices" : [ 0, 4, 3 ]
    }, {
      "vertices" : [ 0, 3, 2 ]
    }, {
      "vertices" : [ 0, 2, 1 ]
    } ]
  }, {
    "id" : "ba38a804-3f78-4ff0-b50c-1c949b2198bd",
    "vertices" : [ {
      "x" : 0.872678,
      "y" : -5.236068,
      "z" : 12.217492
    }, {
      "x" : 1.745356,
      "y" : -5.236068,
      "z" : 11.344814
    }, {
      "x" : 1.745356,
      "y" : -6.108746,
      "z" : 10.472136
    }, {
      "x" : 0.872678,
      "y" : -6.981424,
      "z" : 10.472136
    }, {
      "x" : 0.0,
      "y" : -6.981424,
      "z" : 11.344814
    }, {
      "x" : 0.0,
      "y" : -6.108746,
      "z" : 12.217492
    } ],
    "faces" : [ {
      "vertices" : [ 0, 1, 2 ]
    }, {
      "vertices" : [ 0, 2, 3 ]
    }, {
      "vertices" : [ 0, 3, 4 ]
    }, {
      "vertices" : [ 0, 4, 5 ]
    }, {
      "vertices" : [ 0, 5, 4 ]
    }, {
      "vertices" : [ 0, 4, 3 ]
    }, {
      "vertices" : [ 0, 3, 2 ]
    }, {
      "vertices" : [ 0, 2, 1 ]
    } ]
  }, {
    "id" : "f8dea213-357a-4e0f-aafd-c437fcfc6e14",
    "vertices" : [ {
      "x" : 6.981424,
      "y" : -6.108746,
      "z" : -15.708204
    }, {
      "x" : 6.981424,
      "y" : -5.236068,
      "z" : -16.580881
    }, {
      "x" : 6.108746,
      "y" : -5.236068,
      "z" : -17.45356
    }, {
      "x" : 5.236068,
      "y" : -6.108746,
      "z" : -17.45356
    }, {
      "x" : 5.236068,
      "y" : -6.981424,
      "z" : -16.580881
    }, {
      "x" : 6.108746,
      "y" : -6.981424,
      "z" : -15.708204
    } ],
    "faces" : [ {
      "vertices" : [ 0, 1, 2 ]
    }, {
      "vertices" : [ 0, 2, 3 ]
    }, {
      "vertices" : [ 0, 3, 4 ]
    }, {
      "vertices" : [ 0, 4, 5 ]
    }, {
      "vertices" : [ 0, 5, 4 ]
    }, {
      "vertices" : [ 0, 4, 3 ]
    }, {
      "vertices" : [ 0, 3, 2 ]
    }, {
      "vertices" : [ 0, 2, 1 ]
    } ]
  }, {
    "id" : "f2744bfe-2523-4346-88d3-d79a1d3a7b28",
    "vertices" : [ {
      "x" : 5.236068,
      "y" : -3.490712,
      "z" : -9.599458
    }, {
      "x" : 4.36339,
      "y" : -3.490712,
      "z" : -10.472136
    }, {
      "x" : 5.236068,
      "y" : -3.490712,
      "z" : -11.344814
    }, {
      "x" : 6.108746,
      "y" : -3.490712,
      "z" : -10.472136
    } ],
    "faces" : [ {
      "vertices" : [ 0, 1, 2 ]
    }, {
      "vertices" : [ 0, 2, 3 ]
    }, {
      "vertices" : [ 0, 3, 2 ]
    }, {
      "vertices" : [ 0, 2, 1 ]
    } ]
  }, {
    "id" : "d6ebd732-c373-45aa-a11a-8b94cdb11ecd",
    "vertices" : [ {
      "x" : -3.490712,
      "y" : -0.872678,
      "z" : 10.472136
    }, {
      "x" : -3.490712,
      "y" : 0.0,
      "z" : 9.599458
    }, {
      "x" : -4.36339,
      "y" : 0.0,
      "z" : 8.72678
    }, {
      "x" : -5.236068,
      "y" : -0.872678,
      "z" : 8.72678
    }, {
      "x" : -5.236068,
      "y" : -1.745356,
      "z" : 9.599458
    }, {
      "x" : -4.36339,
      "y" : -1.745356,
      "z" : 10.472136
    } ],
    "faces" : [ {
      "vertices" : [ 0, 1, 2 ]
    }, {
      "vertices" : [ 0, 2, 3 ]
    }, {
      "vertices" : [ 0, 3, 4 ]
    }, {
      "vertices" : [ 0, 4, 5 ]
    }, {
      "vertices" : [ 0, 5, 4 ]
    }, {
      "vertices" : [ 0, 4, 3 ]
    }, {
      "vertices" : [ 0, 3, 2 ]
    }, {
      "vertices" : [ 0, 2, 1 ]
    } ]
  }, {
    "id" : "fe7e0aa9-e165-4355-96dc-a16c57f2173d",
    "vertices" : [ {
      "x" : 5.236068,
      "y" : -9.599458,
      "z" : 3.490712
    }, {
      "x" : 6.108746,
      "y" : -10.472136,
      "z" : 3.490712
    }, {
      "x" : 5.236068,
      "y" : -11.344814,
      "z" : 3.490712
    }, {
      "x" : 4.36339,
      "y" : -10.472136,
      "z" : 3.490712
    } ],
    "faces" : [ {
      "vertices" : [ 0, 1, 2 ]
    }, {
      "vertices" : [ 0, 2, 3 ]
    }, {
      "vertices" : [ 0, 3, 2 ]
    }, {
      "vertices" : [ 0, 2, 1 ]
    } ]
  }, {
    "id" : "4ecc1608-4325-4776-8287-22e96079683c",
    "vertices" : [ {
      "x" : -1.745356,
      "y" : -4.36339,
      "z" : 20.944271
    }, {
      "x" : -0.872678,
      "y" : -3.490712,
      "z" : 20.944271
    }, {
      "x" : 0.0,
      "y" : -3.490712,
      "z" : 21.81695
    }, {
      "x" : 0.0,
      "y" : -4.36339,
      "z" : 22.689629
    }, {
      "x" : -0.872678,
      "y" : -5.236068,
      "z" : 22.689629
    }, {
      "x" : -1.745356,
      "y" : -5.236068,
      "z" : 21.81695
    } ],
    "faces" : [ {
      "vertices" : [ 0, 1, 2 ]
    }, {
      "vertices" : [ 0, 2, 3 ]
    }, {
      "vertices" : [ 0, 3, 4 ]
    }, {
      "vertices" : [ 0, 4, 5 ]
    }, {
      "vertices" : [ 0, 5, 4 ]
    }, {
      "vertices" : [ 0, 4, 3 ]
    }, {
      "vertices" : [ 0, 3, 2 ]
    }, {
      "vertices" : [ 0, 2, 1 ]
    } ]
  }, {
    "id" : "08f7f5fa-65a5-4ede-8b13-78ba48392d62",
    "vertices" : [ {
      "x" : 6.108746,
      "y" : 0.0,
      "z" : -3.490712
    }, {
      "x" : 6.981424,
      "y" : 0.0,
      "z" : -4.36339
    }, {
      "x" : 6.981424,
      "y" : -0.872678,
      "z" : -5.236068
    }, {
      "x" : 6.108746,
      "y" : -1.745356,
      "z" : -5.236068
    }, {
      "x" : 5.236068,
      "y" : -1.745356,
      "z" : -4.36339
    }, {
      "x" : 5.236068,
      "y" : -0.872678,
      "z" : -3.490712
    } ],
    "faces" : [ {
      "vertices" : [ 0, 1, 2 ]
    }, {
      "vertices" : [ 0, 2, 3 ]
    }, {
      "vertices" : [ 0, 3, 4 ]
    }, {
      "vertices" : [ 0, 4, 5 ]
    }, {
      "vertices" : [ 0, 5, 4 ]
    }, {
      "vertices" : [ 0, 4, 3 ]
    }, {
      "vertices" : [ 0, 3, 2 ]
    }, {
      "vertices" : [ 0, 2, 1 ]
    } ]
  }, {
    "id" : "18398a6a-37e4-4332-bb77-5f83debf87ad",
    "vertices" : [ {
      "x" : 5.236068,
      "y" : -9.599458,
      "z" : 3.490712
    }, {
      "x" : 5.236068,
      "y" : -8.72678,
      "z" : 4.36339
    }, {
      "x" : 4.36339,
      "y" : -8.72678,
      "z" : 5.236068
    }, {
      "x" : 3.490712,
      "y" : -9.599458,
      "z" : 5.236068
    }, {
      "x" : 3.490712,
      "y" : -10.472136,
      "z" : 4.36339
    }, {
      "x" : 4.36339,
      "y" : -10.472136,
      "z" : 3.490712
    } ],
    "faces" : [ {
      "vertices" : [ 0, 1, 2 ]
    }, {
      "vertices" : [ 0, 2, 3 ]
    }, {
      "vertices" : [ 0, 3, 4 ]
    }, {
      "vertices" : [ 0, 4, 5 ]
    }, {
      "vertices" : [ 0, 5, 4 ]
    }, {
      "vertices" : [ 0, 4, 3 ]
    }, {
      "vertices" : [ 0, 3, 2 ]
    }, {
      "vertices" : [ 0, 2, 1 ]
    } ]
  }, {
    "id" : "ec68588b-b866-497a-8f1f-b33a62c61aa8",
    "vertices" : [ {
      "x" : 6.981424,
      "y" : -10.472136,
      "z" : 6.108746
    }, {
      "x" : 6.981424,
      "y" : -9.599458,
      "z" : 5.236068
    }, {
      "x" : 6.981424,
      "y" : -10.472136,
      "z" : 4.36339
    }, {
      "x" : 6.981424,
      "y" : -11.344814,
      "z" : 5.236068
    } ],
    "faces" : [ {
      "vertices" : [ 0, 1, 2 ]
    }, {
      "vertices" : [ 0, 2, 3 ]
    }, {
      "vertices" : [ 0, 3, 2 ]
    }, {
      "vertices" : [ 0, 2, 1 ]
    } ]
  }, {
    "id" : "82c6f03c-ec13-4655-b512-65eb6f695598",
    "vertices" : [ {
      "x" : 5.236068,
      "y" : -16.580881,
      "z" : -6.981424
    }, {
      "x" : 4.36339,
      "y" : -15.708204,
      "z" : -6.981424
    }, {
      "x" : 3.490712,
      "y" : -15.708204,
      "z" : -6.108746
    }, {
      "x" : 3.490712,
      "y" : -16.580881,
      "z" : -5.236068
    }, {
      "x" : 4.36339,
      "y" : -17.45356,
      "z" : -5.236068
    }, {
      "x" : 5.236068,
      "y" : -17.45356,
      "z" : -6.108746
    } ],
    "faces" : [ {
      "vertices" : [ 0, 1, 2 ]
    }, {
      "vertices" : [ 0, 2, 3 ]
    }, {
      "vertices" : [ 0, 3, 4 ]
    }, {
      "vertices" : [ 0, 4, 5 ]
    }, {
      "vertices" : [ 0, 5, 4 ]
    }, {
      "vertices" : [ 0, 4, 3 ]
    }, {
      "vertices" : [ 0, 3, 2 ]
    }, {
      "vertices" : [ 0, 2, 1 ]
    } ]
  }, {
    "id" : "d69a120f-8569-42af-b4de-d5908fec523a",
    "vertices" : [ {
      "x" : 3.490712,
      "y" : -9.599458,
      "z" : 5.236068
    }, {
      "x" : 4.36339,
      "y" : -8.72678,
      "z" : 5.236068
    }, {
      "x" : 5.236068,
      "y" : -8.72678,
      "z" : 6.108746
    }, {
      "x" : 5.236068,
      "y" : -9.599458,
      "z" : 6.981424
    }, {
      "x" : 4.36339,
      "y" : -10.472136,
      "z" : 6.981424
    }, {
      "x" : 3.490712,
      "y" : -10.472136,
      "z" : 6.108746
    } ],
    "faces" : [ {
      "vertices" : [ 0, 1, 2 ]
    }, {
      "vertices" : [ 0, 2, 3 ]
    }, {
      "vertices" : [ 0, 3, 4 ]
    }, {
      "vertices" : [ 0, 4, 5 ]
    }, {
      "vertices" : [ 0, 5, 4 ]
    }, {
      "vertices" : [ 0, 4, 3 ]
    }, {
      "vertices" : [ 0, 3, 2 ]
    }, {
      "vertices" : [ 0, 2, 1 ]
    } ]
  }, {
    "id" : "4b90fc12-a186-43b4-8e3b-b72fb376285f",
    "vertices" : [ {
      "x" : 1.745356,
      "y" : -14.8355255,
      "z" : 0.0
    }, {
      "x" : 0.872678,
      "y" : -13.962848,
      "z" : 0.0
    }, {
      "x" : 0.0,
      "y" : -13.962848,
      "z" : -0.872678
    }, {
      "x" : 0.0,
      "y" : -14.8355255,
      "z" : -1.745356
    }, {
      "x" : 0.872678,
      "y" : -15.708204,
      "z" : -1.745356
    }, {
      "x" : 1.745356,
      "y" : -15.708204,
      "z" : -0.872678
    } ],
    "faces" : [ {
      "vertices" : [ 0, 1, 2 ]
    }, {
      "vertices" : [ 0, 2, 3 ]
    }, {
      "vertices" : [ 0, 3, 4 ]
    }, {
      "vertices" : [ 0, 4, 5 ]
    }, {
      "vertices" : [ 0, 5, 4 ]
    }, {
      "vertices" : [ 0, 4, 3 ]
    }, {
      "vertices" : [ 0, 3, 2 ]
    }, {
      "vertices" : [ 0, 2, 1 ]
    } ]
  }, {
    "id" : "c7cdb032-4846-4319-a0b9-3aa53a52ea77",
    "vertices" : [ {
      "x" : -1.745356,
      "y" : -6.108746,
      "z" : 20.944271
    }, {
      "x" : -1.745356,
      "y" : -5.236068,
      "z" : 21.81695
    }, {
      "x" : -0.872678,
      "y" : -5.236068,
      "z" : 22.689629
    }, {
      "x" : 0.0,
      "y" : -6.108746,
      "z" : 22.689629
    }, {
      "x" : 0.0,
      "y" : -6.981424,
      "z" : 21.81695
    }, {
      "x" : -0.872678,
      "y" : -6.981424,
      "z" : 20.944271
    } ],
    "faces" : [ {
      "vertices" : [ 0, 1, 2 ]
    }, {
      "vertices" : [ 0, 2, 3 ]
    }, {
      "vertices" : [ 0, 3, 4 ]
    }, {
      "vertices" : [ 0, 4, 5 ]
    }, {
      "vertices" : [ 0, 5, 4 ]
    }, {
      "vertices" : [ 0, 4, 3 ]
    }, {
      "vertices" : [ 0, 3, 2 ]
    }, {
      "vertices" : [ 0, 2, 1 ]
    } ]
  }, {
    "id" : "2444f56c-fe56-4e41-a9e5-30ce6dbd02d7",
    "vertices" : [ {
      "x" : -1.745356,
      "y" : 4.36339,
      "z" : -5.236068
    }, {
      "x" : -1.745356,
      "y" : 5.236068,
      "z" : -4.36339
    }, {
      "x" : -0.872678,
      "y" : 5.236068,
      "z" : -3.490712
    }, {
      "x" : 0.0,
      "y" : 4.36339,
      "z" : -3.490712
    }, {
      "x" : 0.0,
      "y" : 3.490712,
      "z" : -4.36339
    }, {
      "x" : -0.872678,
      "y" : 3.490712,
      "z" : -5.236068
    } ],
    "faces" : [ {
      "vertices" : [ 0, 1, 2 ]
    }, {
      "vertices" : [ 0, 2, 3 ]
    }, {
      "vertices" : [ 0, 3, 4 ]
    }, {
      "vertices" : [ 0, 4, 5 ]
    }, {
      "vertices" : [ 0, 5, 4 ]
    }, {
      "vertices" : [ 0, 4, 3 ]
    }, {
      "vertices" : [ 0, 3, 2 ]
    }, {
      "vertices" : [ 0, 2, 1 ]
    } ]
  }, {
    "id" : "12a93bad-7ade-4e0c-86b5-d3867056438d",
    "vertices" : [ {
      "x" : 0.309017,
      "y" : -0.809017,
      "z" : 0.618034
    }, {
      "x" : 0.809017,
      "y" : -0.618034,
      "z" : 0.309017
    }, {
      "x" : 0.618034,
      "y" : -0.309017,
      "z" : 0.809017
    }, {
      "x" : 1.0,
      "y" : 0.309017,
      "z" : 0.19098301
    }, {
      "x" : 0.809017,
      "y" : 0.618034,
      "z" : 0.309017
    }, {
      "x" : 0.618034,
      "y" : 0.309017,
      "z" : 0.809017
    }, {
      "x" : 0.809017,
      "y" : 0.0,
      "z" : 0.690983
    }, {
      "x" : 0.19098301,
      "y" : -1.0,
      "z" : 0.309017
    }, {
      "x" : -0.19098301,
      "y" : -1.0,
      "z" : 0.309017
    }, {
      "x" : -0.19098301,
      "y" : -1.0,
      "z" : -0.309017
    }, {
      "x" : 0.19098301,
      "y" : -1.0,
      "z" : -0.309017
    }, {
      "x" : 1.0,
      "y" : -0.309017,
      "z" : -0.19098301
    }, {
      "x" : 0.809017,
      "y" : -0.618034,
      "z" : -0.309017
    }, {
      "x" : 0.618034,
      "y" : -0.309017,
      "z" : -0.809017
    }, {
      "x" : 0.809017,
      "y" : 0.0,
      "z" : -0.690983
    }, {
      "x" : 0.0,
      "y" : 0.690983,
      "z" : -0.809017
    }, {
      "x" : 0.309017,
      "y" : 0.809017,
      "z" : -0.618034
    }, {
      "x" : 0.618034,
      "y" : 0.309017,
      "z" : -0.809017
    }, {
      "x" : 0.309017,
      "y" : 0.19098301,
      "z" : -1.0
    }, {
      "x" : 1.0,
      "y" : 0.309017,
      "z" : -0.19098301
    }, {
      "x" : -0.309017,
      "y" : -0.809017,
      "z" : 0.618034
    }, {
      "x" : 0.0,
      "y" : -0.690983,
      "z" : 0.809017
    }, {
      "x" : 0.809017,
      "y" : 0.618034,
      "z" : -0.309017
    }, {
      "x" : 0.690983,
      "y" : 0.809017,
      "z" : 0.0
    }, {
      "x" : -0.690983,
      "y" : 0.809017,
      "z" : 0.0
    }, {
      "x" : -0.809017,
      "y" : 0.618034,
      "z" : 0.309017
    }, {
      "x" : -0.309017,
      "y" : 0.809017,
      "z" : 0.618034
    }, {
      "x" : -0.19098301,
      "y" : 1.0,
      "z" : 0.309017
    }, {
      "x" : 0.309017,
      "y" : -0.19098301,
      "z" : -1.0
    }, {
      "x" : 0.19098301,
      "y" : 1.0,
      "z" : 0.309017
    }, {
      "x" : 0.309017,
      "y" : 0.809017,
      "z" : 0.618034
    }, {
      "x" : -0.809017,
      "y" : -0.618034,
      "z" : 0.309017
    }, {
      "x" : -0.690983,
      "y" : -0.809017,
      "z" : 0.0
    }, {
      "x" : 0.0,
      "y" : 0.690983,
      "z" : 0.809017
    }, {
      "x" : 0.309017,
      "y" : -0.809017,
      "z" : -0.618034
    }, {
      "x" : 0.0,
      "y" : -0.690983,
      "z" : -0.809017
    }, {
      "x" : -1.0,
      "y" : 0.309017,
      "z" : 0.19098301
    }, {
      "x" : -0.809017,
      "y" : 0.0,
      "z" : 0.690983
    }, {
      "x" : -0.618034,
      "y" : 0.309017,
      "z" : 0.809017
    }, {
      "x" : 1.0,
      "y" : -0.309017,
      "z" : 0.19098301
    }, {
      "x" : -0.309017,
      "y" : -0.809017,
      "z" : -0.618034
    }, {
      "x" : -1.0,
      "y" : 0.309017,
      "z" : -0.19098301
    }, {
      "x" : -1.0,
      "y" : -0.309017,
      "z" : -0.19098301
    }, {
      "x" : -1.0,
      "y" : -0.309017,
      "z" : 0.19098301
    }, {
      "x" : 0.19098301,
      "y" : 1.0,
      "z" : -0.309017
    }, {
      "x" : -0.809017,
      "y" : 0.618034,
      "z" : -0.309017
    }, {
      "x" : -0.19098301,
      "y" : 1.0,
      "z" : -0.309017
    }, {
      "x" : -0.309017,
      "y" : 0.809017,
      "z" : -0.618034
    }, {
      "x" : -0.618034,
      "y" : -0.309017,
      "z" : 0.809017
    }, {
