{
  "field" : "golden",
  "symmetry" : "icosahedral",
  "orientations" : [ [ 1.0, 0.0, 0.0, 0.0, 0.0, 1.0, 0.0, 0.0, 0.0, 0.0, 1.0, 0.0, 0.0, 0.0, 0.0, 1.0 ], [ 0.0, 0.0, 1.0, 0.0, 1.0, 0.0, 0.0, 0.0, 0.0, 1.0, 0.0, 0.0, 0.0, 0.0, 0.0, 1.0 ], [ 0.0, 1.0, 0.0, 0.0, 0.0, 0.0, 1.0, 0.0, 1.0, 0.0, 0.0, 0.0, 0.0, 0.0, 0.0, 1.0 ], [ 0.809017, 0.309017, 0.5, 0.0, 0.309017, 0.5, -0.809017, 0.0, -0.5, 0.809017, 0.309017, 0.0, 0.0, 0.0, 0.0, 1.0 ], [ -0.5, 0.809017, 0.309017, 0.0, 0.809017, 0.309017, 0.5, 0.0, 0.309017, 0.5, -0.809017, 0.0, 0.0, 0.0, 0.0, 1.0 ], [ 0.309017, 0.5, -0.809017, 0.0, -0.5, 0.809017, 0.309017, 0.0, 0.809017, 0.309017, 0.5, 0.0, 0.0, 0.0, 0.0, 1.0 ], [ 0.5, 0.809017, 0.309017, 0.0, 0.809017, -0.309017, -0.5, 0.0, -0.309017, 0.5, -0.809017, 0.0, 0.0, 0.0, 0.0, 1.0 ], [ -0.309017, 0.5, -0.809017, 0.0, 0.5, 0.809017, 0.309017, 0.0, 0.809017, -0.309017, -0.5, 0.0, 0.0, 0.0, 0.0, 1.0 ], [ 0.809017, -0.309017, -0.5, 0.0, -0.309017, 0.5, -0.809017, 0.0, 0.5, 0.809017, 0.309017, 0.0, 0.0, 0.0, 0.0, 1.0 ], [ 0.5, 0.809017, -0.309017, 0.0, 0.809017, -0.309017, 0.5, 0.0, 0.309017, -0.5, -0.809017, 0.0, 0.0, 0.0, 0.0, 1.0 ], [ 0.309017, -0.5, -0.809017, 0.0, 0.5, 0.809017, -0.309017, 0.0, 0.809017, -0.309017, 0.5, 0.0, 0.0, 0.0, 0.0, 1.0 ], [ 0.809017, -0.309017, 0.5, 0.0, 0.309017, -0.5, -0.809017, 0.0, 0.5, 0.809017, -0.309017, 0.0, 0.0, 0.0, 0.0, 1.0 ], [ 0.809017, 0.309017, -0.5, 0.0, 0.309017, 0.5, 0.809017, 0.0, 0.5, -0.809017, 0.309017, 0.0, 0.0, 0.0, 0.0, 1.0 ], [ 0.5, -0.809017, 0.309017, 0.0, 0.809017, 0.309017, -0.5, 0.0, 0.309017, 0.5, 0.809017, 0.0, 0.0, 0.0, 0.0, 1.0 ], [ 0.309017, 0.5, 0.809017, 0.0, 0.5, -0.809017, 0.309017, 0.0, 0.809017, 0.309017, -0.5, 0.0, 0.0, 0.0, 0.0, 1.0 ], [ 1.0, 0.0, 0.0, 0.0, 0.0, -1.0, 0.0, 0.0, 0.0, 0.0, -1.0, 0.0, 0.0, 0.0, 0.0, 1.0 ], [ 0.0, 0.0, 1.0, 0.0, -1.0, 0.0, 0.0, 0.0, 0.0, -1.0, 0.0, 0.0, 0.0, 0.0, 0.0, 1.0 ], [ 0.0, 1.0, 0.0, 0.0, 0.0, 0.0, -1.0, 0.0, -1.0, 0.0, 0.0, 0.0, 0.0, 0.0, 0.0, 1.0 ], [ 0.809017, 0.309017, 0.5, 0.0, -0.309017, -0.5, 0.809017, 0.0, 0.5, -0.809017, -0.309017, 0.0, 0.0, 0.0, 0.0, 1.0 ], [ -0.5, 0.809017, 0.309017, 0.0, -0.809017, -0.309017, -0.5, 0.0, -0.309017, -0.5, 0.809017, 0.0, 0.0, 0.0, 0.0, 1.0 ], [ 0.309017, 0.5, -0.809017, 0.0, 0.5, -0.809017, -0.309017, 0.0, -0.809017, -0.309017, -0.5, 0.0, 0.0, 0.0, 0.0, 1.0 ], [ 0.5, 0.809017, 0.309017, 0.0, -0.809017, 0.309017, 0.5, 0.0, 0.309017, -0.5, 0.809017, 0.0, 0.0, 0.0, 0.0, 1.0 ], [ -0.309017, 0.5, -0.809017, 0.0, -0.5, -0.809017, -0.309017, 0.0, -0.809017, 0.309017, 0.5, 0.0, 0.0, 0.0, 0.0, 1.0 ], [ 0.809017, -0.309017, -0.5, 0.0, 0.309017, -0.5, 0.809017, 0.0, -0.5, -0.809017, -0.309017, 0.0, 0.0, 0.0, 0.0, 1.0 ], [ 0.5, 0.809017, -0.309017, 0.0, -0.809017, 0.309017, -0.5, 0.0, -0.309017, 0.5, 0.809017, 0.0, 0.0, 0.0, 0.0, 1.0 ], [ 0.309017, -0.5, -0.809017, 0.0, -0.5, -0.809017, 0.309017, 0.0, -0.809017, 0.309017, -0.5, 0.0, 0.0, 0.0, 0.0, 1.0 ], [ 0.809017, -0.309017, 0.5, 0.0, -0.309017, 0.5, 0.809017, 0.0, -0.5, -0.809017, 0.309017, 0.0, 0.0, 0.0, 0.0, 1.0 ], [ 0.809017, 0.309017, -0.5, 0.0, -0.309017, -0.5, -0.809017, 0.0, -0.5, 0.809017, -0.309017, 0.0, 0.0, 0.0, 0.0, 1.0 ], [ 0.5, -0.809017, 0.309017, 0.0, -0.809017, -0.309017, 0.5, 0.0, -0.309017, -0.5, -0.809017, 0.0, 0.0, 0.0, 0.0, 1.0 ], [ 0.309017, 0.5, 0.809017, 0.0, -0.5, 0.809017, -0.309017, 0.0, -0.809017, -0.309017, 0.5, 0.0, 0.0, 0.0, 0.0, 1.0 ], [ -1.0, 0.0, 0.0, 0.0, 0.0, -1.0, 0.0, 0.0, 0.0, 0.0, 1.0, 0.0, 0.0, 0.0, 0.0, 1.0 ], [ 0.0, 0.0, -1.0, 0.0, -1.0, 0.0, 0.0, 0.0, 0.0, 1.0, 0.0, 0.0, 0.0, 0.0, 0.0, 1.0 ], [ 0.0, -1.0, 0.0, 0.0, 0.0, 0.0, -1.0, 0.0, 1.0, 0.0, 0.0, 0.0, 0.0, 0.0, 0.0, 1.0 ], [ -0.809017, -0.309017, -0.5, 0.0, -0.309017, -0.5, 0.809017, 0.0, -0.5, 0.809017, 0.309017, 0.0, 0.0, 0.0, 0.0, 1.0 ], [ 0.5, -0.809017, -0.309017, 0.0, -0.809017, -0.309017, -0.5, 0.0, 0.309017, 0.5, -0.809017, 0.0, 0.0, 0.0, 0.0, 1.0 ], [ -0.309017, -0.5, 0.809017, 0.0, 0.5, -0.809017, -0.309017, 0.0, 0.809017, 0.309017, 0.5, 0.0, 0.0, 0.0, 0.0, 1.0 ], [ -0.5, -0.809017, -0.309017, 0.0, -0.809017, 0.309017, 0.5, 0.0, -0.309017, 0.5, -0.809017, 0.0, 0.0, 0.0, 0.0, 1.0 ], [ 0.309017, -0.5, 0.809017, 0.0, -0.5, -0.809017, -0.309017, 0.0, 0.809017, -0.309017, -0.5, 0.0, 0.0, 0.0, 0.0, 1.0 ], [ -0.809017, 0.309017, 0.5, 0.0, 0.309017, -0.5, 0.809017, 0.0, 0.5, 0.809017, 0.309017, 0.0, 0.0, 0.0, 0.0, 1.0 ], [ -0.5, -0.809017, 0.309017, 0.0, -0.809017, 0.309017, -0.5, 0.0, 0.309017, -0.5, -0.809017, 0.0, 0.0, 0.0, 0.0, 1.0 ], [ -0.309017, 0.5, 0.809017, 0.0, -0.5, -0.809017, 0.309017, 0.0, 0.809017, -0.309017, 0.5, 0.0, 0.0, 0.0, 0.0, 1.0 ], [ -0.809017, 0.309017, -0.5, 0.0, -0.309017, 0.5, 0.809017, 0.0, 0.5, 0.809017, -0.309017, 0.0, 0.0, 0.0, 0.0, 1.0 ], [ -0.809017, -0.309017, 0.5, 0.0, -0.309017, -0.5, -0.809017, 0.0, 0.5, -0.809017, 0.309017, 0.0, 0.0, 0.0, 0.0, 1.0 ], [ -0.5, 0.809017, -0.309017, 0.0, -0.809017, -0.309017, 0.5, 0.0, 0.309017, 0.5, 0.809017, 0.0, 0.0, 0.0, 0.0, 1.0 ], [ -0.309017, -0.5, -0.809017, 0.0, -0.5, 0.809017, -0.309017, 0.0, 0.809017, 0.309017, -0.5, 0.0, 0.0, 0.0, 0.0, 1.0 ], [ -1.0, 0.0, 0.0, 0.0, 0.0, 1.0, 0.0, 0.0, 0.0, 0.0, -1.0, 0.0, 0.0, 0.0, 0.0, 1.0 ], [ 0.0, 0.0, -1.0, 0.0, 1.0, 0.0, 0.0, 0.0, 0.0, -1.0, 0.0, 0.0, 0.0, 0.0, 0.0, 1.0 ], [ 0.0, -1.0, 0.0, 0.0, 0.0, 0.0, 1.0, 0.0, -1.0, 0.0, 0.0, 0.0, 0.0, 0.0, 0.0, 1.0 ], [ -0.809017, -0.309017, -0.5, 0.0, 0.309017, 0.5, -0.809017, 0.0, 0.5, -0.809017, -0.309017, 0.0, 0.0, 0.0, 0.0, 1.0 ], [ 0.5, -0.809017, -0.309017, 0.0, 0.809017, 0.309017, 0.5, 0.0, -0.309017, -0.5, 0.809017, 0.0, 0.0, 0.0, 0.0, 1.0 ], [ -0.309017, -0.5, 0.809017, 0.0, -0.5, 0.809017, 0.309017, 0.0, -0.809017, -0.309017, -0.5, 0.0, 0.0, 0.0, 0.0, 1.0 ], [ -0.5, -0.809017, -0.309017, 0.0, 0.809017, -0.309017, -0.5, 0.0, 0.309017, -0.5, 0.809017, 0.0, 0.0, 0.0, 0.0, 1.0 ], [ 0.309017, -0.5, 0.809017, 0.0, 0.5, 0.809017, 0.309017, 0.0, -0.809017, 0.309017, 0.5, 0.0, 0.0, 0.0, 0.0, 1.0 ], [ -0.809017, 0.309017, 0.5, 0.0, -0.309017, 0.5, -0.809017, 0.0, -0.5, -0.809017, -0.309017, 0.0, 0.0, 0.0, 0.0, 1.0 ], [ -0.5, -0.809017, 0.309017, 0.0, 0.809017, -0.309017, 0.5, 0.0, -0.309017, 0.5, 0.809017, 0.0, 0.0, 0.0, 0.0, 1.0 ], [ -0.309017, 0.5, 0.809017, 0.0, 0.5, 0.809017, -0.309017, 0.0, -0.809017, 0.309017, -0.5, 0.0, 0.0, 0.0, 0.0, 1.0 ], [ -0.809017, 0.309017, -0.5, 0.0, 0.309017, -0.5, -0.809017, 0.0, -0.5, -0.809017, 0.309017, 0.0, 0.0, 0.0, 0.0, 1.0 ], [ -0.809017, -0.309017, 0.5, 0.0, 0.309017, 0.5, 0.809017, 0.0, -0.5, 0.809017, -0.309017, 0.0, 0.0, 0.0, 0.0, 1.0 ], [ -0.5, 0.809017, -0.309017, 0.0, 0.809017, 0.309017, -0.5, 0.0, -0.309017, -0.5, -0.809017, 0.0, 0.0, 0.0, 0.0, 1.0 ], [ -0.309017, -0.5, -0.809017, 0.0, 0.5, -0.809017, 0.309017, 0.0, -0.809017, -0.309017, 0.5, 0.0, 0.0, 0.0, 0.0, 1.0 ] ],
  "lights" : {
    "ambientColor" : "#292929",
    "backgroundColor" : "#FFFFFF",
    "directionalLights" : [ {
      "direction" : {
        "x" : 1.0,
        "y" : -1.0,
        "z" : -1.0
      },
      "color" : "#EBEBE4"
    }, {
      "direction" : {
        "x" : -1.0,
        "y" : 0.0,
        "z" : 0.0
      },
      "color" : "#E4E4EB"
    }, {
      "direction" : {
        "x" : 0.0,
        "y" : 0.0,
        "z" : -1.0
      },
      "color" : "#1E1E1E"
    } ]
  },
  "camera" : {
    "width" : 71.54829,
    "stereo" : false,
    "viewDistance" : 158.99606,
    "nearClipDistance" : 0.3974903,
    "farClipDistance" : 317.99237,
    "lookAtPoint" : {
      "x" : 0.0,
      "y" : 0.0,
      "z" : 0.0
    },
    "fieldOfView" : 0.44262925,
    "perspective" : true,
    "lookDirection" : {
      "x" : -0.35355338,
      "y" : -0.13504538,
      "z" : -0.9256147
    },
    "upDirection" : {
      "x" : -0.048187178,
      "y" : 0.9908394,
      "z" : -0.12615566
    },
    "position" : {
      "x" : 56.213596,
      "y" : 21.471684,
      "z" : 147.1691
    }
  },
  "embedding" : [ 1.0, 0.0, 0.0, 0.0, 0.0, 1.0, 0.0, 0.0, 0.0, 0.0, 1.0, 0.0, 0.0, 0.0, 0.0, 1.0 ],
  "shapes" : [ {
    "id" : "4f7123d6-3711-4f1b-afb8-95a77ccc29e5",
    "vertices" : [ {
      "x" : 6.981424,
      "y" : -9.599458,
      "z" : 5.236068
    }, {
      "x" : 6.108746,
      "y" : -8.72678,
      "z" : 5.236068
    }, {
      "x" : 5.236068,
      "y" : -8.72678,
      "z" : 4.36339
    }, {
      "x" : 5.236068,
      "y" : -9.599458,
      "z" : 3.490712
    }, {
      "x" : 6.108746,
      "y" : -10.472136,
      "z" : 3.490712
    }, {
      "x" : 6.981424,
      "y" : -10.472136,
      "z" : 4.36339
    } ],
    "faces" : [ {
      "vertices" : [ 0, 1, 2 ]
    }, {
      "vertices" : [ 0, 2, 3 ]
    }, {
      "vertices" : [ 0, 3, 4 ]
    }, {
      "vertices" : [ 0, 4, 5 ]
    }, {
      "vertices" : [ 0, 5, 4 ]
    }, {
      "vertices" : [ 0, 4, 3 ]
    }, {
      "vertices" : [ 0, 3, 2 ]
    }, {
      "vertices" : [ 0, 2, 1 ]
    } ]
  }, {
    "id" : "a4f58e3b-a10a-40e3-a408-bf3fadc873a0",
    "vertices" : [ {
      "x" : 4.236068,
      "y" : 0.309017,
      "z" : 0.19098301
    }, {
      "x" : 4.236068,
      "y" : 0.309017,
      "z" : -0.19098301
    }, {
      "x" : 1.0,
      "y" : 0.309017,
      "z" : -0.19098301
    }, {
      "x" : 1.0,
      "y" : 0.309017,
      "z" : 0.19098301
    }, {
      "x" : 4.236068,
      "y" : -0.309017,
      "z" : 0.19098301
    }, {
      "x" : 1.0,
      "y" : -0.309017,
      "z" : 0.19098301
    }, {
      "x" : 1.0,
      "y" : -0.309017,
      "z" : -0.19098301
    }, {
      "x" : 4.236068,
      "y" : -0.309017,
      "z" : -0.19098301
    }, {
      "x" : 5.236068,
      "y" : 0.0,
      "z" : 0.0
    } ],
    "faces" : [ {
      "vertices" : [ 1, 7, 6 ]
    }, {
      "vertices" : [ 1, 6, 2 ]
    }, {
      "vertices" : [ 0, 1, 2 ]
    }, {
      "vertices" : [ 0, 2, 3 ]
    }, {
      "vertices" : [ 4, 5, 6 ]
    }, {
      "vertices" : [ 4, 6, 7 ]
    }, {
      "vertices" : [ 0, 3, 5 ]
    }, {
      "vertices" : [ 0, 5, 4 ]
    } ]
  }, {
    "id" : "33f6bcef-de51-4ffb-8cdc-3991263fa21a",
    "vertices" : [ {
      "x" : 6.981424,
      "y" : -11.344814,
      "z" : 0.0
    }, {
      "x" : 6.981424,
      "y" : -10.472136,
      "z" : -0.872678
    }, {
      "x" : 6.108746,
      "y" : -10.472136,
      "z" : -1.745356
    }, {
      "x" : 5.236068,
      "y" : -11.344814,
      "z" : -1.745356
    }, {
      "x" : 5.236068,
      "y" : -12.217492,
      "z" : -0.872678
    }, {
      "x" : 6.108746,
      "y" : -12.217492,
      "z" : 0.0
    } ],
    "faces" : [ {
      "vertices" : [ 0, 1, 2 ]
    }, {
      "vertices" : [ 0, 2, 3 ]
    }, {
      "vertices" : [ 0, 3, 4 ]
    }, {
      "vertices" : [ 0, 4, 5 ]
    }, {
      "vertices" : [ 0, 5, 4 ]
    }, {
      "vertices" : [ 0, 4, 3 ]
    }, {
      "vertices" : [ 0, 3, 2 ]
    }, {
      "vertices" : [ 0, 2, 1 ]
    } ]
  }, {
    "id" : "049630ad-f6c8-4305-a692-78e8f59ac9a2",
    "vertices" : [ {
      "x" : 6.108746,
      "y" : -10.472136,
      "z" : 1.745356
    }, {
      "x" : 6.981424,
      "y" : -10.472136,
      "z" : 0.872678
    }, {
      "x" : 6.981424,
      "y" : -11.344814,
      "z" : 0.0
    }, {
      "x" : 6.108746,
      "y" : -12.217492,
      "z" : 0.0
    }, {
      "x" : 5.236068,
      "y" : -12.217492,
      "z" : 0.872678
    }, {
      "x" : 5.236068,
      "y" : -11.344814,
      "z" : 1.745356
    } ],
    "faces" : [ {
      "vertices" : [ 0, 1, 2 ]
    }, {
      "vertices" : [ 0, 2, 3 ]
    }, {
      "vertices" : [ 0, 3, 4 ]
    }, {
      "vertices" : [ 0, 4, 5 ]
    }, {
      "vertices" : [ 0, 5, 4 ]
    }, {
      "vertices" : [ 0, 4, 3 ]
    }, {
      "vertices" : [ 0, 3, 2 ]
    }, {
      "vertices" : [ 0, 2, 1 ]
    } ]
  }, {
    "id" : "a25ef372-ac5a-4e80-833d-bcfc5a7e3a6d",
    "vertices" : [ {
      "x" : 0.0,
      "y" : 6.108746,
      "z" : -3.490712
    }, {
      "x" : 0.872678,
      "y" : 5.236068,
      "z" : -3.490712
    }, {
      "x" : 0.0,
      "y" : 4.36339,
      "z" : -3.490712
    }, {
      "x" : -0.872678,
      "y" : 5.236068,
      "z" : -3.490712
    } ],
    "faces" : [ {
      "vertices" : [ 0, 1, 2 ]
    }, {
      "vertices" : [ 0, 2, 3 ]
    }, {
      "vertices" : [ 0, 3, 2 ]
    }, {
      "vertices" : [ 0, 2, 1 ]
    } ]
  }, {
    "id" : "720001f0-3b3e-4687-97dd-61a9281c064d",
    "vertices" : [ {
      "x" : 0.0,
      "y" : -4.36339,
      "z" : -1.745356
    }, {
      "x" : 0.872678,
      "y" : -5.236068,
      "z" : -1.745356
    }, {
      "x" : 0.0,
      "y" : -6.108746,
      "z" : -1.745356
    }, {
      "x" : -0.872678,
      "y" : -5.236068,
      "z" : -1.745356
    } ],
    "faces" : [ {
      "vertices" : [ 0, 1, 2 ]
    }, {
      "vertices" : [ 0, 2, 3 ]
    }, {
      "vertices" : [ 0, 3, 2 ]
    }, {
      "vertices" : [ 0, 2, 1 ]
    } ]
  }, {
    "id" : "9575930e-d7bc-4ba5-870d-e8eb2598111b",
    "vertices" : [ {
      "x" : -1.745356,
      "y" : 6.108746,
      "z" : 0.0
    }, {
      "x" : -0.872678,
      "y" : 6.981424,
      "z" : 0.0
    }, {
      "x" : 0.0,
      "y" : 6.981424,
      "z" : 0.872678
    }, {
      "x" : 0.0,
      "y" : 6.108746,
      "z" : 1.745356
    }, {
      "x" : -0.872678,
      "y" : 5.236068,
      "z" : 1.745356
    }, {
      "x" : -1.745356,
      "y" : 5.236068,
      "z" : 0.872678
    } ],
    "faces" : [ {
      "vertices" : [ 0, 1, 2 ]
    }, {
      "vertices" : [ 0, 2, 3 ]
    }, {
      "vertices" : [ 0, 3, 4 ]
    }, {
      "vertices" : [ 0, 4, 5 ]
    }, {
      "vertices" : [ 0, 5, 4 ]
    }, {
      "vertices" : [ 0, 4, 3 ]
    }, {
      "vertices" : [ 0, 3, 2 ]
    }, {
      "vertices" : [ 0, 2, 1 ]
    } ]
  }, {
    "id" : "4652bbd0-9115-4403-aaab-88945e037bb1",
    "vertices" : [ {
      "x" : 5.236068,
      "y" : 0.872678,
      "z" : -1.745356
    }, {
      "x" : 5.236068,
      "y" : 1.745356,
      "z" : -0.872678
    }, {
      "x" : 4.36339,
      "y" : 1.745356,
      "z" : 0.0
    }, {
      "x" : 3.490712,
      "y" : 0.872678,
      "z" : 0.0
    }, {
      "x" : 3.490712,
      "y" : 0.0,
      "z" : -0.872678
    }, {
      "x" : 4.36339,
      "y" : 0.0,
      "z" : -1.745356
    } ],
    "faces" : [ {
      "vertices" : [ 0, 1, 2 ]
    }, {
      "vertices" : [ 0, 2, 3 ]
    }, {
      "vertices" : [ 0, 3, 4 ]
    }, {
      "vertices" : [ 0, 4, 5 ]
    }, {
      "vertices" : [ 0, 5, 4 ]
    }, {
      "vertices" : [ 0, 4, 3 ]
    }, {
      "vertices" : [ 0, 3, 2 ]
    }, {
      "vertices" : [ 0, 2, 1 ]
    } ]
  }, {
    "id" : "fa729383-0100-4517-b43a-890a2af7b7a8",
    "vertices" : [ {
      "x" : 1.745356,
      "y" : 0.872678,
      "z" : 0.0
    }, {
      "x" : 0.872678,
      "y" : 1.745356,
      "z" : 0.0
    }, {
      "x" : 0.0,
      "y" : 1.745356,
      "z" : -0.872678
    }, {
      "x" : 0.0,
      "y" : 0.872678,
      "z" : -1.745356
    }, {
      "x" : 0.872678,
      "y" : 0.0,
      "z" : -1.745356
    }, {
      "x" : 1.745356,
      "y" : 0.0,
      "z" : -0.872678
    } ],
    "faces" : [ {
      "vertices" : [ 0, 1, 2 ]
    }, {
      "vertices" : [ 0, 2, 3 ]
    }, {
      "vertices" : [ 0, 3, 4 ]
    }, {
      "vertices" : [ 0, 4, 5 ]
    }, {
      "vertices" : [ 0, 5, 4 ]
    }, {
      "vertices" : [ 0, 4, 3 ]
    }, {
      "vertices" : [ 0, 3, 2 ]
    }, {
      "vertices" : [ 0, 2, 1 ]
    } ]
  }, {
    "id" : "dd1c3bfb-87e3-4322-a8d7-cdfe5bf43832",
    "vertices" : [ {
      "x" : 0.0,
      "y" : -1.745356,
      "z" : -4.36339
    }, {
      "x" : -0.872678,
      "y" : -1.745356,
      "z" : -5.236068
    }, {
      "x" : 0.0,
      "y" : -1.745356,
      "z" : -6.108746
    }, {
      "x" : 0.872678,
      "y" : -1.745356,
      "z" : -5.236068
    } ],
    "faces" : [ {
      "vertices" : [ 0, 1, 2 ]
    }, {
      "vertices" : [ 0, 2, 3 ]
    }, {
      "vertices" : [ 0, 3, 2 ]
    }, {
      "vertices" : [ 0, 2, 1 ]
    } ]
  }, {
    "id" : "11b1ad2f-d7a6-4b82-b961-e25f0593a770",
    "vertices" : [ {
      "x" : 5.236068,
      "y" : -9.599458,
      "z" : 3.490712
    }, {
      "x" : 5.236068,
      "y" : -8.72678,
      "z" : 4.36339
    }, {
      "x" : 4.36339,
      "y" : -8.72678,
      "z" : 5.236068
    }, {
      "x" : 3.490712,
      "y" : -9.599458,
      "z" : 5.236068
    }, {
      "x" : 3.490712,
      "y" : -10.472136,
      "z" : 4.36339
    }, {
      "x" : 4.36339,
      "y" : -10.472136,
      "z" : 3.490712
    } ],
    "faces" : [ {
      "vertices" : [ 0, 1, 2 ]
    }, {
      "vertices" : [ 0, 2, 3 ]
    }, {
      "vertices" : [ 0, 3, 4 ]
    }, {
      "vertices" : [ 0, 4, 5 ]
    }, {
      "vertices" : [ 0, 5, 4 ]
    }, {
      "vertices" : [ 0, 4, 3 ]
    }, {
      "vertices" : [ 0, 3, 2 ]
    }, {
      "vertices" : [ 0, 2, 1 ]
    } ]
  }, {
    "id" : "32e51e57-68f2-4e9a-9a8c-eb2cecfda65f",
    "vertices" : [ {
      "x" : 3.490712,
      "y" : -9.599458,
      "z" : -5.236068
    }, {
      "x" : 4.36339,
      "y" : -8.72678,
      "z" : -5.236068
    }, {
      "x" : 5.236068,
      "y" : -8.72678,
      "z" : -4.36339
    }, {
      "x" : 5.236068,
      "y" : -9.599458,
      "z" : -3.490712
    }, {
      "x" : 4.36339,
      "y" : -10.472136,
      "z" : -3.490712
    }, {
      "x" : 3.490712,
      "y" : -10.472136,
      "z" : -4.36339
    } ],
    "faces" : [ {
      "vertices" : [ 0, 1, 2 ]
    }, {
      "vertices" : [ 0, 2, 3 ]
    }, {
      "vertices" : [ 0, 3, 4 ]
    }, {
      "vertices" : [ 0, 4, 5 ]
    }, {
      "vertices" : [ 0, 5, 4 ]
    }, {
      "vertices" : [ 0, 4, 3 ]
    }, {
      "vertices" : [ 0, 3, 2 ]
    }, {
      "vertices" : [ 0, 2, 1 ]
    } ]
  }, {
    "id" : "e9e3f4e2-26c7-4ab8-9cbd-744896451fb1",
    "vertices" : [ {
      "x" : -4.36339,
      "y" : 0.0,
      "z" : 1.745356
    }, {
      "x" : -3.490712,
      "y" : 0.0,
      "z" : 0.872678
    }, {
      "x" : -3.490712,
      "y" : -0.872678,
      "z" : 0.0
    }, {
      "x" : -4.36339,
      "y" : -1.745356,
      "z" : 0.0
    }, {
      "x" : -5.236068,
      "y" : -1.745356,
      "z" : 0.872678
    }, {
      "x" : -5.236068,
      "y" : -0.872678,
      "z" : 1.745356
    } ],
    "faces" : [ {
      "vertices" : [ 0, 1, 2 ]
    }, {
      "vertices" : [ 0, 2, 3 ]
    }, {
      "vertices" : [ 0, 3, 4 ]
    }, {
      "vertices" : [ 0, 4, 5 ]
    }, {
      "vertices" : [ 0, 5, 4 ]
    }, {
      "vertices" : [ 0, 4, 3 ]
    }, {
      "vertices" : [ 0, 3, 2 ]
    }, {
      "vertices" : [ 0, 2, 1 ]
    } ]
  }, {
    "id" : "f34d97a3-b515-4a9a-bc5c-dfa639db9d32",
    "vertices" : [ {
      "x" : 6.981424,
      "y" : -9.599458,
      "z" : -5.236068
    }, {
      "x" : 6.108746,
      "y" : -8.72678,
      "z" : -5.236068
    }, {
      "x" : 5.236068,
      "y" : -8.72678,
      "z" : -6.108746
    }, {
      "x" : 5.236068,
      "y" : -9.599458,
      "z" : -6.981424
    }, {
      "x" : 6.108746,
      "y" : -10.472136,
      "z" : -6.981424
    }, {
      "x" : 6.981424,
      "y" : -10.472136,
      "z" : -6.108746
    } ],
    "faces" : [ {
      "vertices" : [ 0, 1, 2 ]
    }, {
      "vertices" : [ 0, 2, 3 ]
    }, {
      "vertices" : [ 0, 3, 4 ]
    }, {
      "vertices" : [ 0, 4, 5 ]
    }, {
      "vertices" : [ 0, 5, 4 ]
    }, {
      "vertices" : [ 0, 4, 3 ]
    }, {
      "vertices" : [ 0, 3, 2 ]
    }, {
      "vertices" : [ 0, 2, 1 ]
    } ]
  }, {
    "id" : "f104187a-1ae2-4f01-9104-2727d88b7ebe",
    "vertices" : [ {
      "x" : -5.236068,
      "y" : 11.344814,
      "z" : -3.490712
    }, {
      "x" : -5.236068,
      "y" : 12.217492,
      "z" : -4.36339
    }, {
      "x" : -4.36339,
      "y" : 12.217492,
      "z" : -5.236068
    }, {
      "x" : -3.490712,
      "y" : 11.344814,
      "z" : -5.236068
    }, {
      "x" : -3.490712,
      "y" : 10.472136,
      "z" : -4.36339
    }, {
      "x" : -4.36339,
      "y" : 10.472136,
      "z" : -3.490712
    } ],
    "faces" : [ {
      "vertices" : [ 0, 1, 2 ]
    }, {
      "vertices" : [ 0, 2, 3 ]
    }, {
      "vertices" : [ 0, 3, 4 ]
    }, {
      "vertices" : [ 0, 4, 5 ]
    }, {
      "vertices" : [ 0, 5, 4 ]
    }, {
      "vertices" : [ 0, 4, 3 ]
    }, {
      "vertices" : [ 0, 3, 2 ]
    }, {
      "vertices" : [ 0, 2, 1 ]
    } ]
  }, {
    "id" : "72cb7016-07e5-41cf-ba4a-4d596bb2174f",
    "vertices" : [ {
      "x" : 3.490712,
      "y" : 0.872678,
      "z" : -5.236068
    }, {
      "x" : 3.490712,
      "y" : 0.0,
      "z" : -6.108746
    }, {
      "x" : 3.490712,
      "y" : -0.872678,
      "z" : -5.236068
    }, {
      "x" : 3.490712,
      "y" : 0.0,
      "z" : -4.36339
    } ],
    "faces" : [ {
      "vertices" : [ 0, 1, 2 ]
    }, {
      "vertices" : [ 0, 2, 3 ]
    }, {
      "vertices" : [ 0, 3, 2 ]
    }, {
      "vertices" : [ 0, 2, 1 ]
    } ]
  }, {
    "id" : "fd0b1bec-be6d-454d-ac90-48bacd7c35c5",
    "vertices" : [ {
      "x" : 0.809017,
      "y" : 0.0,
      "z" : -0.690983
    }, {
      "x" : 1.0,
      "y" : 0.309017,
      "z" : -0.19098301
    }, {
      "x" : 3.427051,
      "y" : 0.309017,
      "z" : -1.118034
    }, {
      "x" : 3.236068,
      "y" : 0.0,
      "z" : -1.618034
    }, {
      "x" : 7.472136,
      "y" : 0.309017,
      "z" : -3.045085
    }, {
      "x" : 1.0,
      "y" : -0.309017,
      "z" : -0.19098301
    }, {
      "x" : 3.427051,
      "y" : -0.309017,
      "z" : -1.118034
    }, {
      "x" : 5.045085,
      "y" : 0.309017,
      "z" : -2.118034
    }, {
      "x" : 5.236068,
      "y" : 0.0,
      "z" : -1.618034
    }, {
      "x" : 8.472136,
      "y" : 0.0,
      "z" : -3.236068
    }, {
      "x" : 5.045085,
      "y" : -0.309017,
      "z" : -2.118034
    }, {
      "x" : 7.663119,
      "y" : 0.0,
      "z" : -2.545085
    }, {
      "x" : 7.472136,
      "y" : -0.309017,
      "z" : -3.045085
    } ],
    "faces" : [ {
      "vertices" : [ 2, 6, 8 ]
    }, {
      "vertices" : [ 4, 12, 10 ]
    }, {
      "vertices" : [ 4, 10, 7 ]
    }, {
      "vertices" : [ 2, 8, 7 ]
    }, {
      "vertices" : [ 3, 10, 6 ]
    }, {
      "vertices" : [ 3, 7, 10 ]
    }, {
      "vertices" : [ 0, 1, 2 ]
    }, {
      "vertices" : [ 0, 2, 3 ]
    }, {
      "vertices" : [ 6, 10, 8 ]
    }, {
      "vertices" : [ 8, 10, 12 ]
    }, {
      "vertices" : [ 8, 12, 11 ]
    }, {
      "vertices" : [ 2, 7, 3 ]
    }, {
      "vertices" : [ 0, 3, 6 ]
    }, {
      "vertices" : [ 0, 6, 5 ]
    }, {
      "vertices" : [ 1, 5, 6 ]
    }, {
      "vertices" : [ 1, 6, 2 ]
    }, {
      "vertices" : [ 4, 7, 8 ]
    }, {
      "vertices" : [ 4, 8, 11 ]
    } ]
  }, {
    "id" : "c6b63c4a-1fec-43ac-bcbd-918e3c8f9e0b",
    "vertices" : [ {
      "x" : 0.0,
      "y" : 6.981424,
      "z" : 0.872678
    }, {
      "x" : -0.872678,
      "y" : 6.981424,
      "z" : 0.0
    }, {
      "x" : 0.0,
      "y" : 6.981424,
      "z" : -0.872678
    }, {
      "x" : 0.872678,
      "y" : 6.981424,
      "z" : 0.0
    } ],
    "faces" : [ {
      "vertices" : [ 0, 1, 2 ]
    }, {
      "vertices" : [ 0, 2, 3 ]
    }, {
      "vertices" : [ 0, 3, 2 ]
    }, {
      "vertices" : [ 0, 2, 1 ]
    } ]
  }, {
    "id" : "b161c925-4399-4a2c-8d95-09f8456772df",
    "vertices" : [ {
      "x" : 0.0,
      "y" : -1.745356,
      "z" : 0.872678
    }, {
      "x" : -0.872678,
      "y" : -1.745356,
      "z" : 0.0
    }, {
      "x" : 0.0,
      "y" : -1.745356,
      "z" : -0.872678
    }, {
      "x" : 0.872678,
      "y" : -1.745356,
      "z" : 0.0
    } ],
    "faces" : [ {
      "vertices" : [ 0, 1, 2 ]
    }, {
      "vertices" : [ 0, 2, 3 ]
    }, {
      "vertices" : [ 0, 3, 2 ]
    }, {
      "vertices" : [ 0, 2, 1 ]
    } ]
  }, {
    "id" : "36fe55ab-017a-492f-9979-cbf338a17053",
    "vertices" : [ {
      "x" : 6.981424,
      "y" : -11.344814,
      "z" : -5.236068
    }, {
      "x" : 6.981424,
      "y" : -10.472136,
      "z" : -6.108746
    }, {
      "x" : 6.108746,
      "y" : -10.472136,
      "z" : -6.981424
    }, {
      "x" : 5.236068,
      "y" : -11.344814,
      "z" : -6.981424
    }, {
      "x" : 5.236068,
      "y" : -12.217492,
      "z" : -6.108746
    }, {
      "x" : 6.108746,
      "y" : -12.217492,
      "z" : -5.236068
    } ],
    "faces" : [ {
      "vertices" : [ 0, 1, 2 ]
    }, {
      "vertices" : [ 0, 2, 3 ]
    }, {
      "vertices" : [ 0, 3, 4 ]
    }, {
      "vertices" : [ 0, 4, 5 ]
    }, {
      "vertices" : [ 0, 5, 4 ]
    }, {
      "vertices" : [ 0, 4, 3 ]
    }, {
      "vertices" : [ 0, 3, 2 ]
    }, {
      "vertices" : [ 0, 2, 1 ]
    } ]
  }, {
    "id" : "3add52c6-1ecd-4347-8c07-3c286cb220f0",
    "vertices" : [ {
      "x" : 5.236068,
      "y" : -4.36339,
      "z" : -3.490712
    }, {
      "x" : 6.108746,
      "y" : -5.236068,
      "z" : -3.490712
    }, {
      "x" : 5.236068,
      "y" : -6.108746,
      "z" : -3.490712
    }, {
      "x" : 4.36339,
      "y" : -5.236068,
      "z" : -3.490712
    } ],
    "faces" : [ {
      "vertices" : [ 0, 1, 2 ]
    }, {
      "vertices" : [ 0, 2, 3 ]
    }, {
      "vertices" : [ 0, 3, 2 ]
    }, {
      "vertices" : [ 0, 2, 1 ]
    } ]
  }, {
    "id" : "3432e045-61ef-4db3-b3d8-f8b4c092d461",
    "vertices" : [ {
      "x" : 5.1405764,
      "y" : 1.7725425,
      "z" : -0.868034
    }, {
      "x" : 6.163119,
      "y" : 1.809017,
      "z" : -1.0
    }, {
      "x" : 5.1405764,
      "y" : 1.7725425,
      "z" : -0.48606798
    }, {
      "x" : 4.9495935,
      "y" : 2.0815594,
      "z" : -0.98606795
    }, {
      "x" : 4.9495935,
      "y" : 2.0815594,
      "z" : -0.60410196
    }, {
      "x" : 0.809017,
      "y" : 0.618034,
      "z" : 0.309017
    }, {
      "x" : 1.0,
      "y" : 0.309017,
      "z" : 0.19098301
    }, {
      "x" : 1.9045085,
      "y" : 0.5364745,
      "z" : -0.013932022
    }, {
      "x" : 5.854102,
      "y" : 2.309017,
      "z" : -1.190983
    }, {
      "x" : 6.045085,
      "y" : 2.0,
      "z" : -1.309017
    }, {
      "x" : 6.045085,
      "y" : 2.0,
      "z" : -0.690983
    }, {
      "x" : 5.854102,
      "y" : 2.309017,
      "z" : -0.809017
    }, {
      "x" : 1.7135255,
      "y" : 0.8454915,
      "z" : -0.13196601
    }, {
      "x" : 0.690983,
      "y" : 0.809017,
      "z" : 0.0
    }, {
      "x" : 1.9045085,
      "y" : 0.5364745,
      "z" : -0.39589804
    }, {
      "x" : 1.7135255,
      "y" : 0.8454915,
      "z" : -0.51393205
    }, {
      "x" : 0.809017,
      "y" : 0.618034,
      "z" : -0.309017
    }, {
      "x" : 1.0,
      "y" : 0.309017,
      "z" : -0.19098301
    }, {
      "x" : 6.854102,
      "y" : 2.618034,
      "z" : -1.0
    } ],
    "faces" : [ {
      "vertices" : [ 0, 14, 15 ]
    }, {
      "vertices" : [ 0, 15, 3 ]
    }, {
      "vertices" : [ 3, 15, 12 ]
    }, {
      "vertices" : [ 3, 12, 4 ]
    }, {
      "vertices" : [ 0, 1, 2 ]
    }, {
      "vertices" : [ 12, 15, 13 ]
    }, {
      "vertices" : [ 0, 9, 1 ]
    }, {
      "vertices" : [ 0, 3, 9 ]
    }, {
      "vertices" : [ 13, 15, 16 ]
    }, {
      "vertices" : [ 6, 17, 14 ]
    }, {
      "vertices" : [ 6, 14, 7 ]
    }, {
      "vertices" : [ 1, 10, 2 ]
    }, {
      "vertices" : [ 5, 6, 7 ]
    }, {
      "vertices" : [ 3, 8, 9 ]
    }, {
      "vertices" : [ 0, 2, 7 ]
    }, {
      "vertices" : [ 0, 7, 14 ]
    }, {
      "vertices" : [ 5, 7, 12 ]
    }, {
      "vertices" : [ 2, 4, 12 ]
    }, {
      "vertices" : [ 2, 12, 7 ]
    }, {
      "vertices" : [ 3, 4, 11 ]
    }, {
      "vertices" : [ 3, 11, 8 ]
    }, {
      "vertices" : [ 2, 10, 11 ]
    }, {
      "vertices" : [ 2, 11, 4 ]
    }, {
      "vertices" : [ 5, 12, 13 ]
    }, {
      "vertices" : [ 14, 17, 16 ]
    }, {
      "vertices" : [ 14, 16, 15 ]
    } ]
  }, {
    "id" : "0cc03afd-7a09-4a74-93b2-cccccda03447",
    "vertices" : [ {
      "x" : -3.490712,
      "y" : 10.472136,
      "z" : 6.108746
    }, {
      "x" : -3.490712,
      "y" : 11.344814,
      "z" : 5.236068
    }, {
      "x" : -3.490712,
      "y" : 10.472136,
      "z" : 4.36339
    }, {
      "x" : -3.490712,
      "y" : 9.599458,
      "z" : 5.236068
    } ],
    "faces" : [ {
      "vertices" : [ 0, 1, 2 ]
    }, {
      "vertices" : [ 0, 2, 3 ]
    }, {
      "vertices" : [ 0, 3, 2 ]
    }, {
      "vertices" : [ 0, 2, 1 ]
    } ]
  }, {
    "id" : "d96e2482-1975-4607-9ac9-feb2d9016121",
    "vertices" : [ {
      "x" : -5.236068,
      "y" : 6.981424,
      "z" : 0.872678
    }, {
      "x" : -6.108746,
      "y" : 6.981424,
      "z" : 0.0
    }, {
      "x" : -5.236068,
      "y" : 6.981424,
      "z" : -0.872678
    }, {
      "x" : -4.36339,
      "y" : 6.981424,
      "z" : 0.0
    } ],
    "faces" : [ {
      "vertices" : [ 0, 1, 2 ]
    }, {
      "vertices" : [ 0, 2, 3 ]
    }, {
      "vertices" : [ 0, 3, 2 ]
    }, {
      "vertices" : [ 0, 2, 1 ]
    } ]
  }, {
    "id" : "ac2ec1c9-a469-4027-b67c-22a9e9a617b1",
    "vertices" : [ {
      "x" : 0.0,
      "y" : 6.108746,
      "z" : 1.745356
    }, {
      "x" : 0.872678,
      "y" : 5.236068,
      "z" : 1.745356
    }, {
      "x" : 0.0,
      "y" : 4.36339,
      "z" : 1.745356
    }, {
      "x" : -0.872678,
      "y" : 5.236068,
      "z" : 1.745356
    } ],
    "faces" : [ {
      "vertices" : [ 0, 1, 2 ]
    }, {
      "vertices" : [ 0, 2, 3 ]
    }, {
      "vertices" : [ 0, 3, 2 ]
    }, {
      "vertices" : [ 0, 2, 1 ]
    } ]
  }, {
    "id" : "6d006f6a-6d32-4e91-8711-b60fc88bdf53",
    "vertices" : [ {
      "x" : 0.0,
      "y" : 4.36339,
      "z" : -1.745356
    }, {
      "x" : -0.872678,
      "y" : 5.236068,
      "z" : -1.745356
    }, {
      "x" : -1.745356,
      "y" : 5.236068,
      "z" : -0.872678
    }, {
      "x" : -1.745356,
      "y" : 4.36339,
      "z" : 0.0
    }, {
      "x" : -0.872678,
      "y" : 3.490712,
      "z" : 0.0
    }, {
      "x" : 0.0,
      "y" : 3.490712,
      "z" : -0.872678
    } ],
    "faces" : [ {
      "vertices" : [ 0, 1, 2 ]
    }, {
      "vertices" : [ 0, 2, 3 ]
    }, {
      "vertices" : [ 0, 3, 4 ]
    }, {
      "vertices" : [ 0, 4, 5 ]
    }, {
      "vertices" : [ 0, 5, 4 ]
    }, {
      "vertices" : [ 0, 4, 3 ]
    }, {
      "vertices" : [ 0, 3, 2 ]
    }, {
      "vertices" : [ 0, 2, 1 ]
    } ]
  }, {
    "id" : "a5419c05-4689-4325-a6b3-50b6722c1fbf",
    "vertices" : [ {
      "x" : -6.981424,
      "y" : 11.344814,
      "z" : -5.236068
    }, {
      "x" : -6.108746,
      "y" : 12.217492,
      "z" : -5.236068
    }, {
      "x" : -5.236068,
      "y" : 12.217492,
      "z" : -4.36339
    }, {
      "x" : -5.236068,
      "y" : 11.344814,
      "z" : -3.490712
    }, {
      "x" : -6.108746,
      "y" : 10.472136,
      "z" : -3.490712
    }, {
      "x" : -6.981424,
      "y" : 10.472136,
      "z" : -4.36339
    } ],
    "faces" : [ {
      "vertices" : [ 0, 1, 2 ]
    }, {
      "vertices" : [ 0, 2, 3 ]
    }, {
      "vertices" : [ 0, 3, 4 ]
    }, {
      "vertices" : [ 0, 4, 5 ]
    }, {
      "vertices" : [ 0, 5, 4 ]
    }, {
      "vertices" : [ 0, 4, 3 ]
    }, {
      "vertices" : [ 0, 3, 2 ]
    }, {
      "vertices" : [ 0, 2, 1 ]
    } ]
  }, {
    "id" : "b47fd931-db55-4549-861a-0aa087f9d87f",
    "vertices" : [ {
      "x" : 6.981424,
      "y" : -5.236068,
      "z" : -4.36339
    }, {
      "x" : 6.981424,
      "y" : -4.36339,
      "z" : -5.236068
    }, {
      "x" : 6.981424,
      "y" : -5.236068,
      "z" : -6.108746
    }, {
      "x" : 6.981424,
      "y" : -6.108746,
      "z" : -5.236068
    } ],
    "faces" : [ {
      "vertices" : [ 0, 1, 2 ]
    }, {
      "vertices" : [ 0, 2, 3 ]
    }, {
      "vertices" : [ 0, 3, 2 ]
    }, {
      "vertices" : [ 0, 2, 1 ]
    } ]
  }, {
    "id" : "e61b78cd-44c2-40ed-ae71-74d1c7478b26",
    "vertices" : [ {
      "x" : 1.745356,
      "y" : -6.108746,
      "z" : 5.236068
    }, {
      "x" : 1.745356,
      "y" : -5.236068,
      "z" : 4.36339
    }, {
      "x" : 0.872678,
      "y" : -5.236068,
      "z" : 3.490712
    }, {
      "x" : 0.0,
      "y" : -6.108746,
      "z" : 3.490712
    }, {
      "x" : 0.0,
      "y" : -6.981424,
      "z" : 4.36339
    }, {
      "x" : 0.872678,
      "y" : -6.981424,
      "z" : 5.236068
    } ],
    "faces" : [ {
      "vertices" : [ 0, 1, 2 ]
    }, {
      "vertices" : [ 0, 2, 3 ]
    }, {
      "vertices" : [ 0, 3, 4 ]
    }, {
      "vertices" : [ 0, 4, 5 ]
    }, {
      "vertices" : [ 0, 5, 4 ]
    }, {
      "vertices" : [ 0, 4, 3 ]
    }, {
      "vertices" : [ 0, 3, 2 ]
    }, {
      "vertices" : [ 0, 2, 1 ]
    } ]
  }, {
    "id" : "e2ea2555-6250-49fc-9279-530fa1724c61",
    "vertices" : [ {
      "x" : -5.236068,
      "y" : 0.872678,
      "z" : 12.217492
    }, {
      "x" : -4.36339,
      "y" : 0.0,
      "z" : 12.217492
    }, {
      "x" : -5.236068,
      "y" : -0.872678,
      "z" : 12.217492
    }, {
      "x" : -6.108746,
      "y" : 0.0,
      "z" : 12.217492
    } ],
    "faces" : [ {
      "vertices" : [ 0, 1, 2 ]
    }, {
      "vertices" : [ 0, 2, 3 ]
    }, {
      "vertices" : [ 0, 3, 2 ]
    }, {
      "vertices" : [ 0, 2, 1 ]
    } ]
  }, {
    "id" : "44144a51-7afe-4fcb-a18c-ca56fe988cd4",
    "vertices" : [ {
      "x" : -1.745356,
      "y" : 6.108746,
      "z" : -10.472136
    }, {
      "x" : -0.872678,
      "y" : 6.981424,
      "z" : -10.472136
    }, {
      "x" : 0.0,
      "y" : 6.981424,
      "z" : -9.599458
    }, {
      "x" : 0.0,
      "y" : 6.108746,
      "z" : -8.72678
    }, {
      "x" : -0.872678,
      "y" : 5.236068,
      "z" : -8.72678
    }, {
      "x" : -1.745356,
      "y" : 5.236068,
      "z" : -9.599458
    } ],
    "faces" : [ {
      "vertices" : [ 0, 1, 2 ]
    }, {
      "vertices" : [ 0, 2, 3 ]
    }, {
      "vertices" : [ 0, 3, 4 ]
    }, {
      "vertices" : [ 0, 4, 5 ]
    }, {
      "vertices" : [ 0, 5, 4 ]
    }, {
      "vertices" : [ 0, 4, 3 ]
    }, {
      "vertices" : [ 0, 3, 2 ]
    }, {
      "vertices" : [ 0, 2, 1 ]
    } ]
  }, {
    "id" : "7a7b8051-2040-495c-acd8-f1d5b4621346",
    "vertices" : [ {
      "x" : -3.490712,
      "y" : 11.344814,
      "z" : -5.236068
    }, {
      "x" : -4.36339,
      "y" : 12.217492,
      "z" : -5.236068
    }, {
      "x" : -5.236068,
      "y" : 12.217492,
      "z" : -6.108746
    }, {
      "x" : -5.236068,
      "y" : 11.344814,
      "z" : -6.981424
    }, {
      "x" : -4.36339,
      "y" : 10.472136,
      "z" : -6.981424
    }, {
      "x" : -3.490712,
      "y" : 10.472136,
      "z" : -6.108746
    } ],
    "faces" : [ {
      "vertices" : [ 0, 1, 2 ]
    }, {
      "vertices" : [ 0, 2, 3 ]
    }, {
      "vertices" : [ 0, 3, 4 ]
    }, {
      "vertices" : [ 0, 4, 5 ]
    }, {
      "vertices" : [ 0, 5, 4 ]
    }, {
      "vertices" : [ 0, 4, 3 ]
    }, {
      "vertices" : [ 0, 3, 2 ]
    }, {
      "vertices" : [ 0, 2, 1 ]
    } ]
  }, {
    "id" : "b815243a-26fa-4061-be81-e151039662f2",
    "vertices" : [ {
      "x" : 0.0,
      "y" : 0.872678,
      "z" : -6.981424
    }, {
      "x" : 0.872678,
      "y" : 0.0,
      "z" : -6.981424
    }, {
      "x" : 0.0,
      "y" : -0.872678,
      "z" : -6.981424
    }, {
      "x" : -0.872678,
      "y" : 0.0,
      "z" : -6.981424
    } ],
    "faces" : [ {
      "vertices" : [ 0, 1, 2 ]
    }, {
      "vertices" : [ 0, 2, 3 ]
    }, {
      "vertices" : [ 0, 3, 2 ]
    }, {
      "vertices" : [ 0, 2, 1 ]
    } ]
  }, {
    "id" : "3acb3994-149d-4777-ad00-a26f06df20bb",
    "vertices" : [ {
      "x" : -3.490712,
      "y" : 0.0,
      "z" : 11.344814
    }, {
      "x" : -3.490712,
      "y" : 0.872678,
      "z" : 10.472136
    }, {
      "x" : -3.490712,
      "y" : 0.0,
      "z" : 9.599458
    }, {
      "x" : -3.490712,
      "y" : -0.872678,
      "z" : 10.472136
    } ],
    "faces" : [ {
      "vertices" : [ 0, 1, 2 ]
    }, {
      "vertices" : [ 0, 2, 3 ]
    }, {
      "vertices" : [ 0, 3, 2 ]
    }, {
      "vertices" : [ 0, 2, 1 ]
    } ]
  }, {
    "id" : "7cd760c6-2f5e-4acc-854f-263bece07565",
    "vertices" : [ {
      "x" : 6.981424,
      "y" : -10.472136,
      "z" : 0.872678
    }, {
      "x" : 6.981424,
      "y" : -9.599458,
      "z" : 0.0
    }, {
      "x" : 6.981424,
      "y" : -10.472136,
      "z" : -0.872678
    }, {
      "x" : 6.981424,
      "y" : -11.344814,
      "z" : 0.0
    } ],
    "faces" : [ {
      "vertices" : [ 0, 1, 2 ]
    }, {
      "vertices" : [ 0, 2, 3 ]
    }, {
      "vertices" : [ 0, 3, 2 ]
    }, {
      "vertices" : [ 0, 2, 1 ]
    } ]
  }, {
    "id" : "4d5ec9b0-706a-4b17-aedf-3ff67fb20fd9",
    "vertices" : [ {
      "x" : 6.981424,
      "y" : 0.0,
      "z" : -4.36339
    }, {
      "x" : 6.981424,
      "y" : 0.872678,
      "z" : -5.236068
    }, {
      "x" : 6.981424,
      "y" : 0.0,
      "z" : -6.108746
    }, {
      "x" : 6.981424,
      "y" : -0.872678,
      "z" : -5.236068
    } ],
    "faces" : [ {
      "vertices" : [ 0, 1, 2 ]
    }, {
      "vertices" : [ 0, 2, 3 ]
    }, {
      "vertices" : [ 0, 3, 2 ]
    }, {
      "vertices" : [ 0, 2, 1 ]
    } ]
  }, {
    "id" : "626c3346-4450-4f01-99a1-be59dea69aa7",
    "vertices" : [ {
      "x" : -4.36339,
      "y" : 10.472136,
      "z" : -3.490712
    }, {
      "x" : -3.490712,
      "y" : 10.472136,
      "z" : -4.36339
    }, {
      "x" : -3.490712,
      "y" : 9.599458,
      "z" : -5.236068
    }, {
      "x" : -4.36339,
      "y" : 8.72678,
      "z" : -5.236068
    }, {
      "x" : -5.236068,
      "y" : 8.72678,
      "z" : -4.36339
    }, {
      "x" : -5.236068,
      "y" : 9.599458,
      "z" : -3.490712
    } ],
    "faces" : [ {
      "vertices" : [ 0, 1, 2 ]
    }, {
      "vertices" : [ 0, 2, 3 ]
    }, {
      "vertices" : [ 0, 3, 4 ]
    }, {
      "vertices" : [ 0, 4, 5 ]
    }, {
      "vertices" : [ 0, 5, 4 ]
    }, {
      "vertices" : [ 0, 4, 3 ]
    }, {
      "vertices" : [ 0, 3, 2 ]
    }, {
      "vertices" : [ 0, 2, 1 ]
    } ]
  }, {
    "id" : "aaa9314d-86cb-4169-8939-472105844f2c",
    "vertices" : [ {
      "x" : 1.745356,
      "y" : -4.36339,
      "z" : 0.0
    }, {
      "x" : 0.872678,
      "y" : -3.490712,
      "z" : 0.0
    }, {
      "x" : 0.0,
      "y" : -3.490712,
      "z" : -0.872678
    }, {
      "x" : 0.0,
      "y" : -4.36339,
      "z" : -1.745356
    }, {
      "x" : 0.872678,
      "y" : -5.236068,
      "z" : -1.745356
    }, {
      "x" : 1.745356,
      "y" : -5.236068,
      "z" : -0.872678
    } ],
    "faces" : [ {
      "vertices" : [ 0, 1, 2 ]
    }, {
      "vertices" : [ 0, 2, 3 ]
    }, {
      "vertices" : [ 0, 3, 4 ]
    }, {
      "vertices" : [ 0, 4, 5 ]
    }, {
      "vertices" : [ 0, 5, 4 ]
    }, {
      "vertices" : [ 0, 4, 3 ]
    }, {
      "vertices" : [ 0, 3, 2 ]
    }, {
      "vertices" : [ 0, 2, 1 ]
    } ]
  }, {
    "id" : "1786b694-e666-4f1e-8a57-9c6c9495ba43",
    "vertices" : [ {
      "x" : 5.236068,
      "y" : -3.490712,
      "z" : -4.36339
    }, {
      "x" : 4.36339,
      "y" : -3.490712,
      "z" : -5.236068
    }, {
      "x" : 5.236068,
      "y" : -3.490712,
      "z" : -6.108746
    }, {
      "x" : 6.108746,
      "y" : -3.490712,
      "z" : -5.236068
    } ],
    "faces" : [ {
      "vertices" : [ 0, 1, 2 ]
    }, {
      "vertices" : [ 0, 2, 3 ]
    }, {
      "vertices" : [ 0, 3, 2 ]
    }, {
      "vertices" : [ 0, 2, 1 ]
    } ]
  }, {
    "id" : "cb37a2e3-de8d-49e1-8d88-a35ec70d9298",
    "vertices" : [ {
      "x" : 6.108746,
      "y" : -10.472136,
      "z" : -3.490712
    }, {
      "x" : 6.981424,
      "y" : -10.472136,
      "z" : -4.36339
    }, {
      "x" : 6.981424,
      "y" : -11.344814,
      "z" : -5.236068
    }, {
      "x" : 6.108746,
      "y" : -12.217492,
      "z" : -5.236068
    }, {
      "x" : 5.236068,
      "y" : -12.217492,
      "z" : -4.36339
    }, {
      "x" : 5.236068,
      "y" : -11.344814,
      "z" : -3.490712
    } ],
    "faces" : [ {
      "vertices" : [ 0, 1, 2 ]
    }, {
      "vertices" : [ 0, 2, 3 ]
    }, {
      "vertices" : [ 0, 3, 4 ]
    }, {
      "vertices" : [ 0, 4, 5 ]
    }, {
      "vertices" : [ 0, 5, 4 ]
    }, {
      "vertices" : [ 0, 4, 3 ]
    }, {
      "vertices" : [ 0, 3, 2 ]
    }, {
      "vertices" : [ 0, 2, 1 ]
    } ]
  }, {
