{
  "field" : "golden",
  "symmetry" : "icosahedral",
  "orientations" : [ [ 1.0, 0.0, 0.0, 0.0, 0.0, 1.0, 0.0, 0.0, 0.0, 0.0, 1.0, 0.0, 0.0, 0.0, 0.0, 1.0 ], [ 0.0, 0.0, 1.0, 0.0, 1.0, 0.0, 0.0, 0.0, 0.0, 1.0, 0.0, 0.0, 0.0, 0.0, 0.0, 1.0 ], [ 0.0, 1.0, 0.0, 0.0, 0.0, 0.0, 1.0, 0.0, 1.0, 0.0, 0.0, 0.0, 0.0, 0.0, 0.0, 1.0 ], [ 0.809017, 0.309017, 0.5, 0.0, 0.309017, 0.5, -0.809017, 0.0, -0.5, 0.809017, 0.309017, 0.0, 0.0, 0.0, 0.0, 1.0 ], [ -0.5, 0.809017, 0.309017, 0.0, 0.809017, 0.309017, 0.5, 0.0, 0.309017, 0.5, -0.809017, 0.0, 0.0, 0.0, 0.0, 1.0 ], [ 0.309017, 0.5, -0.809017, 0.0, -0.5, 0.809017, 0.309017, 0.0, 0.809017, 0.309017, 0.5, 0.0, 0.0, 0.0, 0.0, 1.0 ], [ 0.5, 0.809017, 0.309017, 0.0, 0.809017, -0.309017, -0.5, 0.0, -0.309017, 0.5, -0.809017, 0.0, 0.0, 0.0, 0.0, 1.0 ], [ -0.309017, 0.5, -0.809017, 0.0, 0.5, 0.809017, 0.309017, 0.0, 0.809017, -0.309017, -0.5, 0.0, 0.0, 0.0, 0.0, 1.0 ], [ 0.809017, -0.309017, -0.5, 0.0, -0.309017, 0.5, -0.809017, 0.0, 0.5, 0.809017, 0.309017, 0.0, 0.0, 0.0, 0.0, 1.0 ], [ 0.5, 0.809017, -0.309017, 0.0, 0.809017, -0.309017, 0.5, 0.0, 0.309017, -0.5, -0.809017, 0.0, 0.0, 0.0, 0.0, 1.0 ], [ 0.309017, -0.5, -0.809017, 0.0, 0.5, 0.809017, -0.309017, 0.0, 0.809017, -0.309017, 0.5, 0.0, 0.0, 0.0, 0.0, 1.0 ], [ 0.809017, -0.309017, 0.5, 0.0, 0.309017, -0.5, -0.809017, 0.0, 0.5, 0.809017, -0.309017, 0.0, 0.0, 0.0, 0.0, 1.0 ], [ 0.809017, 0.309017, -0.5, 0.0, 0.309017, 0.5, 0.809017, 0.0, 0.5, -0.809017, 0.309017, 0.0, 0.0, 0.0, 0.0, 1.0 ], [ 0.5, -0.809017, 0.309017, 0.0, 0.809017, 0.309017, -0.5, 0.0, 0.309017, 0.5, 0.809017, 0.0, 0.0, 0.0, 0.0, 1.0 ], [ 0.309017, 0.5, 0.809017, 0.0, 0.5, -0.809017, 0.309017, 0.0, 0.809017, 0.309017, -0.5, 0.0, 0.0, 0.0, 0.0, 1.0 ], [ 1.0, 0.0, 0.0, 0.0, 0.0, -1.0, 0.0, 0.0, 0.0, 0.0, -1.0, 0.0, 0.0, 0.0, 0.0, 1.0 ], [ 0.0, 0.0, 1.0, 0.0, -1.0, 0.0, 0.0, 0.0, 0.0, -1.0, 0.0, 0.0, 0.0, 0.0, 0.0, 1.0 ], [ 0.0, 1.0, 0.0, 0.0, 0.0, 0.0, -1.0, 0.0, -1.0, 0.0, 0.0, 0.0, 0.0, 0.0, 0.0, 1.0 ], [ 0.809017, 0.309017, 0.5, 0.0, -0.309017, -0.5, 0.809017, 0.0, 0.5, -0.809017, -0.309017, 0.0, 0.0, 0.0, 0.0, 1.0 ], [ -0.5, 0.809017, 0.309017, 0.0, -0.809017, -0.309017, -0.5, 0.0, -0.309017, -0.5, 0.809017, 0.0, 0.0, 0.0, 0.0, 1.0 ], [ 0.309017, 0.5, -0.809017, 0.0, 0.5, -0.809017, -0.309017, 0.0, -0.809017, -0.309017, -0.5, 0.0, 0.0, 0.0, 0.0, 1.0 ], [ 0.5, 0.809017, 0.309017, 0.0, -0.809017, 0.309017, 0.5, 0.0, 0.309017, -0.5, 0.809017, 0.0, 0.0, 0.0, 0.0, 1.0 ], [ -0.309017, 0.5, -0.809017, 0.0, -0.5, -0.809017, -0.309017, 0.0, -0.809017, 0.309017, 0.5, 0.0, 0.0, 0.0, 0.0, 1.0 ], [ 0.809017, -0.309017, -0.5, 0.0, 0.309017, -0.5, 0.809017, 0.0, -0.5, -0.809017, -0.309017, 0.0, 0.0, 0.0, 0.0, 1.0 ], [ 0.5, 0.809017, -0.309017, 0.0, -0.809017, 0.309017, -0.5, 0.0, -0.309017, 0.5, 0.809017, 0.0, 0.0, 0.0, 0.0, 1.0 ], [ 0.309017, -0.5, -0.809017, 0.0, -0.5, -0.809017, 0.309017, 0.0, -0.809017, 0.309017, -0.5, 0.0, 0.0, 0.0, 0.0, 1.0 ], [ 0.809017, -0.309017, 0.5, 0.0, -0.309017, 0.5, 0.809017, 0.0, -0.5, -0.809017, 0.309017, 0.0, 0.0, 0.0, 0.0, 1.0 ], [ 0.809017, 0.309017, -0.5, 0.0, -0.309017, -0.5, -0.809017, 0.0, -0.5, 0.809017, -0.309017, 0.0, 0.0, 0.0, 0.0, 1.0 ], [ 0.5, -0.809017, 0.309017, 0.0, -0.809017, -0.309017, 0.5, 0.0, -0.309017, -0.5, -0.809017, 0.0, 0.0, 0.0, 0.0, 1.0 ], [ 0.309017, 0.5, 0.809017, 0.0, -0.5, 0.809017, -0.309017, 0.0, -0.809017, -0.309017, 0.5, 0.0, 0.0, 0.0, 0.0, 1.0 ], [ -1.0, 0.0, 0.0, 0.0, 0.0, -1.0, 0.0, 0.0, 0.0, 0.0, 1.0, 0.0, 0.0, 0.0, 0.0, 1.0 ], [ 0.0, 0.0, -1.0, 0.0, -1.0, 0.0, 0.0, 0.0, 0.0, 1.0, 0.0, 0.0, 0.0, 0.0, 0.0, 1.0 ], [ 0.0, -1.0, 0.0, 0.0, 0.0, 0.0, -1.0, 0.0, 1.0, 0.0, 0.0, 0.0, 0.0, 0.0, 0.0, 1.0 ], [ -0.809017, -0.309017, -0.5, 0.0, -0.309017, -0.5, 0.809017, 0.0, -0.5, 0.809017, 0.309017, 0.0, 0.0, 0.0, 0.0, 1.0 ], [ 0.5, -0.809017, -0.309017, 0.0, -0.809017, -0.309017, -0.5, 0.0, 0.309017, 0.5, -0.809017, 0.0, 0.0, 0.0, 0.0, 1.0 ], [ -0.309017, -0.5, 0.809017, 0.0, 0.5, -0.809017, -0.309017, 0.0, 0.809017, 0.309017, 0.5, 0.0, 0.0, 0.0, 0.0, 1.0 ], [ -0.5, -0.809017, -0.309017, 0.0, -0.809017, 0.309017, 0.5, 0.0, -0.309017, 0.5, -0.809017, 0.0, 0.0, 0.0, 0.0, 1.0 ], [ 0.309017, -0.5, 0.809017, 0.0, -0.5, -0.809017, -0.309017, 0.0, 0.809017, -0.309017, -0.5, 0.0, 0.0, 0.0, 0.0, 1.0 ], [ -0.809017, 0.309017, 0.5, 0.0, 0.309017, -0.5, 0.809017, 0.0, 0.5, 0.809017, 0.309017, 0.0, 0.0, 0.0, 0.0, 1.0 ], [ -0.5, -0.809017, 0.309017, 0.0, -0.809017, 0.309017, -0.5, 0.0, 0.309017, -0.5, -0.809017, 0.0, 0.0, 0.0, 0.0, 1.0 ], [ -0.309017, 0.5, 0.809017, 0.0, -0.5, -0.809017, 0.309017, 0.0, 0.809017, -0.309017, 0.5, 0.0, 0.0, 0.0, 0.0, 1.0 ], [ -0.809017, 0.309017, -0.5, 0.0, -0.309017, 0.5, 0.809017, 0.0, 0.5, 0.809017, -0.309017, 0.0, 0.0, 0.0, 0.0, 1.0 ], [ -0.809017, -0.309017, 0.5, 0.0, -0.309017, -0.5, -0.809017, 0.0, 0.5, -0.809017, 0.309017, 0.0, 0.0, 0.0, 0.0, 1.0 ], [ -0.5, 0.809017, -0.309017, 0.0, -0.809017, -0.309017, 0.5, 0.0, 0.309017, 0.5, 0.809017, 0.0, 0.0, 0.0, 0.0, 1.0 ], [ -0.309017, -0.5, -0.809017, 0.0, -0.5, 0.809017, -0.309017, 0.0, 0.809017, 0.309017, -0.5, 0.0, 0.0, 0.0, 0.0, 1.0 ], [ -1.0, 0.0, 0.0, 0.0, 0.0, 1.0, 0.0, 0.0, 0.0, 0.0, -1.0, 0.0, 0.0, 0.0, 0.0, 1.0 ], [ 0.0, 0.0, -1.0, 0.0, 1.0, 0.0, 0.0, 0.0, 0.0, -1.0, 0.0, 0.0, 0.0, 0.0, 0.0, 1.0 ], [ 0.0, -1.0, 0.0, 0.0, 0.0, 0.0, 1.0, 0.0, -1.0, 0.0, 0.0, 0.0, 0.0, 0.0, 0.0, 1.0 ], [ -0.809017, -0.309017, -0.5, 0.0, 0.309017, 0.5, -0.809017, 0.0, 0.5, -0.809017, -0.309017, 0.0, 0.0, 0.0, 0.0, 1.0 ], [ 0.5, -0.809017, -0.309017, 0.0, 0.809017, 0.309017, 0.5, 0.0, -0.309017, -0.5, 0.809017, 0.0, 0.0, 0.0, 0.0, 1.0 ], [ -0.309017, -0.5, 0.809017, 0.0, -0.5, 0.809017, 0.309017, 0.0, -0.809017, -0.309017, -0.5, 0.0, 0.0, 0.0, 0.0, 1.0 ], [ -0.5, -0.809017, -0.309017, 0.0, 0.809017, -0.309017, -0.5, 0.0, 0.309017, -0.5, 0.809017, 0.0, 0.0, 0.0, 0.0, 1.0 ], [ 0.309017, -0.5, 0.809017, 0.0, 0.5, 0.809017, 0.309017, 0.0, -0.809017, 0.309017, 0.5, 0.0, 0.0, 0.0, 0.0, 1.0 ], [ -0.809017, 0.309017, 0.5, 0.0, -0.309017, 0.5, -0.809017, 0.0, -0.5, -0.809017, -0.309017, 0.0, 0.0, 0.0, 0.0, 1.0 ], [ -0.5, -0.809017, 0.309017, 0.0, 0.809017, -0.309017, 0.5, 0.0, -0.309017, 0.5, 0.809017, 0.0, 0.0, 0.0, 0.0, 1.0 ], [ -0.309017, 0.5, 0.809017, 0.0, 0.5, 0.809017, -0.309017, 0.0, -0.809017, 0.309017, -0.5, 0.0, 0.0, 0.0, 0.0, 1.0 ], [ -0.809017, 0.309017, -0.5, 0.0, 0.309017, -0.5, -0.809017, 0.0, -0.5, -0.809017, 0.309017, 0.0, 0.0, 0.0, 0.0, 1.0 ], [ -0.809017, -0.309017, 0.5, 0.0, 0.309017, 0.5, 0.809017, 0.0, -0.5, 0.809017, -0.309017, 0.0, 0.0, 0.0, 0.0, 1.0 ], [ -0.5, 0.809017, -0.309017, 0.0, 0.809017, 0.309017, -0.5, 0.0, -0.309017, -0.5, -0.809017, 0.0, 0.0, 0.0, 0.0, 1.0 ], [ -0.309017, -0.5, -0.809017, 0.0, 0.5, -0.809017, 0.309017, 0.0, -0.809017, -0.309017, 0.5, 0.0, 0.0, 0.0, 0.0, 1.0 ] ],
  "lights" : {
    "ambientColor" : "#292929",
    "backgroundColor" : "#FFFFFF",
    "directionalLights" : [ {
      "direction" : {
        "x" : 1.0,
        "y" : -1.0,
        "z" : -1.0
      },
      "color" : "#EBEBE4"
    }, {
      "direction" : {
        "x" : -1.0,
        "y" : 0.0,
        "z" : 0.0
      },
      "color" : "#E4E4EB"
    }, {
      "direction" : {
        "x" : 0.0,
        "y" : 0.0,
        "z" : -1.0
      },
      "color" : "#1E1E1E"
    } ]
  },
  "camera" : {
    "stereo" : false,
    "width" : 48.929153,
    "viewDistance" : 108.73127,
    "nearClipDistance" : 0.27182838,
    "farClipDistance" : 217.46294,
    "lookAtPoint" : {
      "x" : 0.0,
      "y" : 0.0,
      "z" : 0.0
    },
    "fieldOfView" : 0.4426296,
    "perspective" : false,
    "lookDirection" : {
      "x" : -0.57735026,
      "y" : -0.57735026,
      "z" : -0.57735026
    },
    "upDirection" : {
      "x" : -0.218508,
      "y" : 0.7905694,
      "z" : -0.5720614
    },
    "position" : {
      "x" : 62.776028,
      "y" : 62.776028,
      "z" : 62.776028
    }
  },
  "embedding" : [ 1.0, 0.0, 0.0, 0.0, 0.0, 1.0, 0.0, 0.0, 0.0, 0.0, 1.0, 0.0, 0.0, 0.0, 0.0, 1.0 ],
  "shapes" : [ {
    "id" : "3bf86b6b-a7ed-4172-85c5-23e9eaa603b4",
    "vertices" : [ {
      "x" : -1.745356,
      "y" : -14.8355255,
      "z" : 5.236068
    }, {
      "x" : -1.745356,
      "y" : -15.708204,
      "z" : 4.36339
    }, {
      "x" : -1.745356,
      "y" : -16.580881,
      "z" : 5.236068
    }, {
      "x" : -1.745356,
      "y" : -15.708204,
      "z" : 6.108746
    } ],
    "faces" : [ {
      "vertices" : [ 0, 1, 2 ]
    }, {
      "vertices" : [ 0, 2, 3 ]
    }, {
      "vertices" : [ 0, 3, 2 ]
    }, {
      "vertices" : [ 0, 2, 1 ]
    } ]
  }, {
    "id" : "06602b0d-9164-4fd8-8114-4a0c36559e45",
    "vertices" : [ {
      "x" : -5.236068,
      "y" : 3.490712,
      "z" : 0.872678
    }, {
      "x" : -6.108746,
      "y" : 3.490712,
      "z" : 0.0
    }, {
      "x" : -5.236068,
      "y" : 3.490712,
      "z" : -0.872678
    }, {
      "x" : -4.36339,
      "y" : 3.490712,
      "z" : 0.0
    } ],
    "faces" : [ {
      "vertices" : [ 0, 1, 2 ]
    }, {
      "vertices" : [ 0, 2, 3 ]
    }, {
      "vertices" : [ 0, 3, 2 ]
    }, {
      "vertices" : [ 0, 2, 1 ]
    } ]
  }, {
    "id" : "434b79d3-4a78-4a67-8b70-e48289135335",
    "vertices" : [ {
      "x" : 6.981424,
      "y" : 0.872678,
      "z" : 0.0
    }, {
      "x" : 6.108746,
      "y" : 1.745356,
      "z" : 0.0
    }, {
      "x" : 5.236068,
      "y" : 1.745356,
      "z" : -0.872678
    }, {
      "x" : 5.236068,
      "y" : 0.872678,
      "z" : -1.745356
    }, {
      "x" : 6.108746,
      "y" : 0.0,
      "z" : -1.745356
    }, {
      "x" : 6.981424,
      "y" : 0.0,
      "z" : -0.872678
    } ],
    "faces" : [ {
      "vertices" : [ 0, 1, 2 ]
    }, {
      "vertices" : [ 0, 2, 3 ]
    }, {
      "vertices" : [ 0, 3, 4 ]
    }, {
      "vertices" : [ 0, 4, 5 ]
    }, {
      "vertices" : [ 0, 5, 4 ]
    }, {
      "vertices" : [ 0, 4, 3 ]
    }, {
      "vertices" : [ 0, 3, 2 ]
    }, {
      "vertices" : [ 0, 2, 1 ]
    } ]
  }, {
    "id" : "bfc8147d-f6eb-4741-9a26-7da71e7cc35a",
    "vertices" : [ {
      "x" : 0.0,
      "y" : -4.36339,
      "z" : -1.745356
    }, {
      "x" : 0.872678,
      "y" : -5.236068,
      "z" : -1.745356
    }, {
      "x" : 0.0,
      "y" : -6.108746,
      "z" : -1.745356
    }, {
      "x" : -0.872678,
      "y" : -5.236068,
      "z" : -1.745356
    } ],
    "faces" : [ {
      "vertices" : [ 0, 1, 2 ]
    }, {
      "vertices" : [ 0, 2, 3 ]
    }, {
      "vertices" : [ 0, 3, 2 ]
    }, {
      "vertices" : [ 0, 2, 1 ]
    } ]
  }, {
    "id" : "9518f2af-3f35-4fe2-80db-838f77552e20",
    "vertices" : [ {
      "x" : 0.0,
      "y" : 16.580881,
      "z" : -1.745356
    }, {
      "x" : 0.872678,
      "y" : 15.708204,
      "z" : -1.745356
    }, {
      "x" : 0.0,
      "y" : 14.8355255,
      "z" : -1.745356
    }, {
      "x" : -0.872678,
      "y" : 15.708204,
      "z" : -1.745356
    } ],
    "faces" : [ {
      "vertices" : [ 0, 1, 2 ]
    }, {
      "vertices" : [ 0, 2, 3 ]
    }, {
      "vertices" : [ 0, 3, 2 ]
    }, {
      "vertices" : [ 0, 2, 1 ]
    } ]
  }, {
    "id" : "974c436a-5258-4aeb-99d1-45593ce5ebb4",
    "vertices" : [ {
      "x" : -5.236068,
      "y" : 0.872678,
      "z" : 8.72678
    }, {
      "x" : -5.236068,
      "y" : 1.745356,
      "z" : 9.599458
    }, {
      "x" : -6.108746,
      "y" : 1.745356,
      "z" : 10.472136
    }, {
      "x" : -6.981424,
      "y" : 0.872678,
      "z" : 10.472136
    }, {
      "x" : -6.981424,
      "y" : 0.0,
      "z" : 9.599458
    }, {
      "x" : -6.108746,
      "y" : 0.0,
      "z" : 8.72678
    } ],
    "faces" : [ {
      "vertices" : [ 0, 1, 2 ]
    }, {
      "vertices" : [ 0, 2, 3 ]
    }, {
      "vertices" : [ 0, 3, 4 ]
    }, {
      "vertices" : [ 0, 4, 5 ]
    }, {
      "vertices" : [ 0, 5, 4 ]
    }, {
      "vertices" : [ 0, 4, 3 ]
    }, {
      "vertices" : [ 0, 3, 2 ]
    }, {
      "vertices" : [ 0, 2, 1 ]
    } ]
  }, {
    "id" : "be1e6de7-7f21-4ecb-ab09-4f2189ca59c4",
    "vertices" : [ {
      "x" : 3.490712,
      "y" : -0.872678,
      "z" : 0.0
    }, {
      "x" : 3.490712,
      "y" : 0.0,
      "z" : 0.872678
    }, {
      "x" : 4.36339,
      "y" : 0.0,
      "z" : 1.745356
    }, {
      "x" : 5.236068,
      "y" : -0.872678,
      "z" : 1.745356
    }, {
      "x" : 5.236068,
      "y" : -1.745356,
      "z" : 0.872678
    }, {
      "x" : 4.36339,
      "y" : -1.745356,
      "z" : 0.0
    } ],
    "faces" : [ {
      "vertices" : [ 0, 1, 2 ]
    }, {
      "vertices" : [ 0, 2, 3 ]
    }, {
      "vertices" : [ 0, 3, 4 ]
    }, {
      "vertices" : [ 0, 4, 5 ]
    }, {
      "vertices" : [ 0, 5, 4 ]
    }, {
      "vertices" : [ 0, 4, 3 ]
    }, {
      "vertices" : [ 0, 3, 2 ]
    }, {
      "vertices" : [ 0, 2, 1 ]
    } ]
  }, {
    "id" : "f9b6f201-2211-4d91-9c54-fd14f8bbec22",
    "vertices" : [ {
      "x" : 0.0,
      "y" : 12.217492,
      "z" : 0.872678
    }, {
      "x" : -0.872678,
      "y" : 12.217492,
      "z" : 0.0
    }, {
      "x" : 0.0,
      "y" : 12.217492,
      "z" : -0.872678
    }, {
      "x" : 0.872678,
      "y" : 12.217492,
      "z" : 0.0
    } ],
    "faces" : [ {
      "vertices" : [ 0, 1, 2 ]
    }, {
      "vertices" : [ 0, 2, 3 ]
    }, {
      "vertices" : [ 0, 3, 2 ]
    }, {
      "vertices" : [ 0, 2, 1 ]
    } ]
  }, {
    "id" : "12a93bad-7ade-4e0c-86b5-d3867056438d",
    "vertices" : [ {
      "x" : 0.309017,
      "y" : -0.809017,
      "z" : 0.618034
    }, {
      "x" : 0.809017,
      "y" : -0.618034,
      "z" : 0.309017
    }, {
      "x" : 0.618034,
      "y" : -0.309017,
      "z" : 0.809017
    }, {
      "x" : 1.0,
      "y" : 0.309017,
      "z" : 0.19098301
    }, {
      "x" : 0.809017,
      "y" : 0.618034,
      "z" : 0.309017
    }, {
      "x" : 0.618034,
      "y" : 0.309017,
      "z" : 0.809017
    }, {
      "x" : 0.809017,
      "y" : 0.0,
      "z" : 0.690983
    }, {
      "x" : 0.19098301,
      "y" : -1.0,
      "z" : 0.309017
    }, {
      "x" : -0.19098301,
      "y" : -1.0,
      "z" : 0.309017
    }, {
      "x" : -0.19098301,
      "y" : -1.0,
      "z" : -0.309017
    }, {
      "x" : 0.19098301,
      "y" : -1.0,
      "z" : -0.309017
    }, {
      "x" : 1.0,
      "y" : -0.309017,
      "z" : -0.19098301
    }, {
      "x" : 0.809017,
      "y" : -0.618034,
      "z" : -0.309017
    }, {
      "x" : 0.618034,
      "y" : -0.309017,
      "z" : -0.809017
    }, {
      "x" : 0.809017,
      "y" : 0.0,
      "z" : -0.690983
    }, {
      "x" : 0.0,
      "y" : 0.690983,
      "z" : -0.809017
    }, {
      "x" : 0.309017,
      "y" : 0.809017,
      "z" : -0.618034
    }, {
      "x" : 0.618034,
      "y" : 0.309017,
      "z" : -0.809017
    }, {
      "x" : 0.309017,
      "y" : 0.19098301,
      "z" : -1.0
    }, {
      "x" : 1.0,
      "y" : 0.309017,
      "z" : -0.19098301
    }, {
      "x" : -0.309017,
      "y" : -0.809017,
      "z" : 0.618034
    }, {
      "x" : 0.0,
      "y" : -0.690983,
      "z" : 0.809017
    }, {
      "x" : 0.809017,
      "y" : 0.618034,
      "z" : -0.309017
    }, {
      "x" : 0.690983,
      "y" : 0.809017,
      "z" : 0.0
    }, {
      "x" : -0.690983,
      "y" : 0.809017,
      "z" : 0.0
    }, {
      "x" : -0.809017,
      "y" : 0.618034,
      "z" : 0.309017
    }, {
      "x" : -0.309017,
      "y" : 0.809017,
      "z" : 0.618034
    }, {
      "x" : -0.19098301,
      "y" : 1.0,
      "z" : 0.309017
    }, {
      "x" : 0.309017,
      "y" : -0.19098301,
      "z" : -1.0
    }, {
      "x" : 0.19098301,
      "y" : 1.0,
      "z" : 0.309017
    }, {
      "x" : 0.309017,
      "y" : 0.809017,
      "z" : 0.618034
    }, {
      "x" : -0.809017,
      "y" : -0.618034,
      "z" : 0.309017
    }, {
      "x" : -0.690983,
      "y" : -0.809017,
      "z" : 0.0
    }, {
      "x" : 0.0,
      "y" : 0.690983,
      "z" : 0.809017
    }, {
      "x" : 0.309017,
      "y" : -0.809017,
      "z" : -0.618034
    }, {
      "x" : 0.0,
      "y" : -0.690983,
      "z" : -0.809017
    }, {
      "x" : -1.0,
      "y" : 0.309017,
      "z" : 0.19098301
    }, {
      "x" : -0.809017,
      "y" : 0.0,
      "z" : 0.690983
    }, {
      "x" : -0.618034,
      "y" : 0.309017,
      "z" : 0.809017
    }, {
      "x" : 1.0,
      "y" : -0.309017,
      "z" : 0.19098301
    }, {
      "x" : -0.309017,
      "y" : -0.809017,
      "z" : -0.618034
    }, {
      "x" : -1.0,
      "y" : 0.309017,
      "z" : -0.19098301
    }, {
      "x" : -1.0,
      "y" : -0.309017,
      "z" : -0.19098301
    }, {
      "x" : -1.0,
      "y" : -0.309017,
      "z" : 0.19098301
    }, {
      "x" : 0.19098301,
      "y" : 1.0,
      "z" : -0.309017
    }, {
      "x" : -0.809017,
      "y" : 0.618034,
      "z" : -0.309017
    }, {
      "x" : -0.19098301,
      "y" : 1.0,
      "z" : -0.309017
    }, {
      "x" : -0.309017,
      "y" : 0.809017,
      "z" : -0.618034
    }, {
      "x" : -0.618034,
      "y" : -0.309017,
      "z" : 0.809017
    }, {
      "x" : 0.309017,
      "y" : 0.19098301,
      "z" : 1.0
    }, {
      "x" : -0.309017,
      "y" : 0.19098301,
      "z" : -1.0
    }, {
      "x" : -0.309017,
      "y" : 0.19098301,
      "z" : 1.0
    }, {
      "x" : -0.309017,
      "y" : -0.19098301,
      "z" : 1.0
    }, {
      "x" : 0.309017,
      "y" : -0.19098301,
      "z" : 1.0
    }, {
      "x" : 0.690983,
      "y" : -0.809017,
      "z" : 0.0
    }, {
      "x" : -0.809017,
      "y" : 0.0,
      "z" : -0.690983
    }, {
      "x" : -0.618034,
      "y" : -0.309017,
      "z" : -0.809017
    }, {
      "x" : -0.309017,
      "y" : -0.19098301,
      "z" : -1.0
    }, {
      "x" : -0.618034,
      "y" : 0.309017,
      "z" : -0.809017
    }, {
      "x" : -0.809017,
      "y" : -0.618034,
      "z" : -0.309017
    } ],
    "faces" : [ {
      "vertices" : [ 9, 40, 35 ]
    }, {
      "vertices" : [ 9, 35, 34 ]
    }, {
      "vertices" : [ 9, 34, 10 ]
    }, {
      "vertices" : [ 0, 1, 2 ]
    }, {
      "vertices" : [ 33, 51, 49 ]
    }, {
      "vertices" : [ 25, 36, 37 ]
    }, {
      "vertices" : [ 25, 37, 38 ]
    }, {
      "vertices" : [ 41, 55, 42 ]
    }, {
      "vertices" : [ 9, 32, 59 ]
    }, {
      "vertices" : [ 9, 59, 40 ]
    }, {
      "vertices" : [ 20, 21, 52 ]
    }, {
      "vertices" : [ 20, 52, 48 ]
    }, {
      "vertices" : [ 26, 33, 30 ]
    }, {
      "vertices" : [ 26, 30, 29 ]
    }, {
      "vertices" : [ 26, 29, 27 ]
    }, {
      "vertices" : [ 3, 4, 5 ]
    }, {
      "vertices" : [ 3, 5, 6 ]
    }, {
      "vertices" : [ 27, 29, 44 ]
    }, {
      "vertices" : [ 27, 44, 46 ]
    }, {
      "vertices" : [ 50, 57, 56 ]
    }, {
      "vertices" : [ 50, 56, 55 ]
    }, {
      "vertices" : [ 50, 55, 58 ]
    }, {
      "vertices" : [ 26, 38, 51 ]
    }, {
      "vertices" : [ 26, 51, 33 ]
    }, {
      "vertices" : [ 45, 47, 58 ]
    }, {
      "vertices" : [ 18, 28, 57 ]
    }, {
      "vertices" : [ 18, 57, 50 ]
    }, {
      "vertices" : [ 40, 59, 56 ]
    }, {
      "vertices" : [ 31, 48, 37 ]
    }, {
      "vertices" : [ 31, 37, 43 ]
    }, {
      "vertices" : [ 7, 8, 9 ]
    }, {
      "vertices" : [ 7, 9, 10 ]
    }, {
      "vertices" : [ 36, 41, 42 ]
    }, {
      "vertices" : [ 36, 42, 43 ]
    }, {
      "vertices" : [ 24, 46, 47 ]
    }, {
      "vertices" : [ 24, 47, 45 ]
    }, {
      "vertices" : [ 4, 30, 5 ]
    }, {
      "vertices" : [ 15, 47, 46 ]
    }, {
      "vertices" : [ 15, 46, 44 ]
    }, {
      "vertices" : [ 15, 44, 16 ]
    }, {
      "vertices" : [ 15, 50, 58 ]
    }, {
      "vertices" : [ 15, 58, 47 ]
    }, {
      "vertices" : [ 24, 45, 41 ]
    }, {
      "vertices" : [ 24, 41, 36 ]
    }, {
      "vertices" : [ 24, 36, 25 ]
    }, {
      "vertices" : [ 11, 14, 19 ]
    }, {
      "vertices" : [ 3, 6, 39 ]
    }, {
      "vertices" : [ 1, 39, 6 ]
    }, {
      "vertices" : [ 1, 6, 2 ]
    }, {
      "vertices" : [ 8, 32, 9 ]
    }, {
      "vertices" : [ 11, 12, 13 ]
    }, {
      "vertices" : [ 11, 13, 14 ]
    }, {
      "vertices" : [ 16, 22, 17 ]
    }, {
      "vertices" : [ 0, 21, 20 ]
    }, {
      "vertices" : [ 0, 20, 8 ]
    }, {
      "vertices" : [ 0, 8, 7 ]
    }, {
      "vertices" : [ 12, 34, 13 ]
    }, {
      "vertices" : [ 35, 40, 56 ]
    }, {
      "vertices" : [ 35, 56, 57 ]
    }, {
      "vertices" : [ 0, 7, 54 ]
    }, {
      "vertices" : [ 0, 54, 1 ]
    }, {
      "vertices" : [ 15, 16, 17 ]
    }, {
      "vertices" : [ 15, 17, 18 ]
    }, {
      "vertices" : [ 3, 19, 22 ]
    }, {
      "vertices" : [ 3, 22, 23 ]
    }, {
      "vertices" : [ 3, 23, 4 ]
    }, {
      "vertices" : [ 7, 10, 54 ]
    }, {
      "vertices" : [ 41, 45, 58 ]
    }, {
      "vertices" : [ 41, 58, 55 ]
    }, {
      "vertices" : [ 3, 39, 11 ]
    }, {
      "vertices" : [ 3, 11, 19 ]
    }, {
      "vertices" : [ 14, 17, 22 ]
    }, {
      "vertices" : [ 14, 22, 19 ]
    }, {
      "vertices" : [ 0, 2, 53 ]
    }, {
      "vertices" : [ 0, 53, 21 ]
    }, {
      "vertices" : [ 49, 51, 52 ]
    }, {
      "vertices" : [ 49, 52, 53 ]
    }, {
      "vertices" : [ 31, 43, 42 ]
    }, {
      "vertices" : [ 31, 42, 59 ]
    }, {
      "vertices" : [ 31, 59, 32 ]
    }, {
      "vertices" : [ 15, 18, 50 ]
    }, {
      "vertices" : [ 42, 55, 56 ]
    }, {
      "vertices" : [ 42, 56, 59 ]
    }, {
      "vertices" : [ 4, 23, 29 ]
    }, {
      "vertices" : [ 4, 29, 30 ]
    }, {
      "vertices" : [ 25, 38, 26 ]
    }, {
      "vertices" : [ 13, 28, 18 ]
    }, {
      "vertices" : [ 13, 18, 17 ]
    }, {
      "vertices" : [ 13, 17, 14 ]
    }, {
      "vertices" : [ 8, 20, 31 ]
    }, {
      "vertices" : [ 8, 31, 32 ]
    }, {
      "vertices" : [ 23, 44, 29 ]
    }, {
      "vertices" : [ 24, 27, 46 ]
    }, {
      "vertices" : [ 37, 48, 52 ]
    }, {
      "vertices" : [ 37, 52, 51 ]
    }, {
      "vertices" : [ 37, 51, 38 ]
    }, {
      "vertices" : [ 20, 48, 31 ]
    }, {
      "vertices" : [ 24, 25, 26 ]
    }, {
      "vertices" : [ 24, 26, 27 ]
    }, {
      "vertices" : [ 16, 44, 23 ]
    }, {
      "vertices" : [ 16, 23, 22 ]
    }, {
      "vertices" : [ 13, 34, 35 ]
    }, {
      "vertices" : [ 13, 35, 28 ]
    }, {
      "vertices" : [ 10, 34, 12 ]
    }, {
      "vertices" : [ 10, 12, 54 ]
    }, {
      "vertices" : [ 2, 6, 5 ]
    }, {
      "vertices" : [ 2, 5, 49 ]
    }, {
      "vertices" : [ 2, 49, 53 ]
    }, {
      "vertices" : [ 36, 43, 37 ]
    }, {
      "vertices" : [ 5, 30, 33 ]
    }, {
      "vertices" : [ 5, 33, 49 ]
    }, {
      "vertices" : [ 1, 54, 12 ]
    }, {
      "vertices" : [ 1, 12, 11 ]
    }, {
      "vertices" : [ 1, 11, 39 ]
    }, {
      "vertices" : [ 28, 35, 57 ]
    }, {
      "vertices" : [ 21, 53, 52 ]
    } ]
  }, {
    "id" : "7cb53799-bf8c-4538-84ab-dbf77f2dfac9",
    "vertices" : [ {
      "x" : -6.981424,
      "y" : 0.872678,
      "z" : 5.236068
    }, {
      "x" : -6.981424,
      "y" : 0.0,
      "z" : 4.36339
    }, {
      "x" : -6.981424,
      "y" : -0.872678,
      "z" : 5.236068
    }, {
      "x" : -6.981424,
      "y" : 0.0,
      "z" : 6.108746
    } ],
    "faces" : [ {
      "vertices" : [ 0, 1, 2 ]
    }, {
      "vertices" : [ 0, 2, 3 ]
    }, {
      "vertices" : [ 0, 3, 2 ]
    }, {
      "vertices" : [ 0, 2, 1 ]
    } ]
  }, {
    "id" : "eb0560a8-adf6-4657-b18f-6f90961a0ceb",
    "vertices" : [ {
      "x" : 3.490712,
      "y" : -9.599458,
      "z" : -5.236068
    }, {
      "x" : 4.36339,
      "y" : -8.72678,
      "z" : -5.236068
    }, {
      "x" : 5.236068,
      "y" : -8.72678,
      "z" : -4.36339
    }, {
      "x" : 5.236068,
      "y" : -9.599458,
      "z" : -3.490712
    }, {
      "x" : 4.36339,
      "y" : -10.472136,
      "z" : -3.490712
    }, {
      "x" : 3.490712,
      "y" : -10.472136,
      "z" : -4.36339
    } ],
    "faces" : [ {
      "vertices" : [ 0, 1, 2 ]
    }, {
      "vertices" : [ 0, 2, 3 ]
    }, {
      "vertices" : [ 0, 3, 4 ]
    }, {
      "vertices" : [ 0, 4, 5 ]
    }, {
      "vertices" : [ 0, 5, 4 ]
    }, {
      "vertices" : [ 0, 4, 3 ]
    }, {
      "vertices" : [ 0, 3, 2 ]
    }, {
      "vertices" : [ 0, 2, 1 ]
    } ]
  }, {
    "id" : "7417ec2f-bbbe-4153-82e2-44b083fe5114",
    "vertices" : [ {
      "x" : 0.0,
      "y" : -9.599458,
      "z" : -1.745356
    }, {
      "x" : 0.872678,
      "y" : -10.472136,
      "z" : -1.745356
    }, {
      "x" : 0.0,
      "y" : -11.344814,
      "z" : -1.745356
    }, {
      "x" : -0.872678,
      "y" : -10.472136,
      "z" : -1.745356
    } ],
    "faces" : [ {
      "vertices" : [ 0, 1, 2 ]
    }, {
      "vertices" : [ 0, 2, 3 ]
    }, {
      "vertices" : [ 0, 3, 2 ]
    }, {
      "vertices" : [ 0, 2, 1 ]
    } ]
  }, {
    "id" : "0c08bd0e-1ded-4de2-899a-9aa323752d7c",
    "vertices" : [ {
      "x" : 0.0,
      "y" : -6.108746,
      "z" : 13.962848
    }, {
      "x" : -0.872678,
      "y" : -5.236068,
      "z" : 13.962848
    }, {
      "x" : -1.745356,
      "y" : -5.236068,
      "z" : 14.8355255
    }, {
      "x" : -1.745356,
      "y" : -6.108746,
      "z" : 15.708204
    }, {
      "x" : -0.872678,
      "y" : -6.981424,
      "z" : 15.708204
    }, {
      "x" : 0.0,
      "y" : -6.981424,
      "z" : 14.8355255
    } ],
    "faces" : [ {
      "vertices" : [ 0, 1, 2 ]
    }, {
      "vertices" : [ 0, 2, 3 ]
    }, {
      "vertices" : [ 0, 3, 4 ]
    }, {
      "vertices" : [ 0, 4, 5 ]
    }, {
      "vertices" : [ 0, 5, 4 ]
    }, {
      "vertices" : [ 0, 4, 3 ]
    }, {
      "vertices" : [ 0, 3, 2 ]
    }, {
      "vertices" : [ 0, 2, 1 ]
    } ]
  }, {
    "id" : "991fe814-c3ac-40ae-869f-a61bd771b655",
    "vertices" : [ {
      "x" : -1.745356,
      "y" : -6.108746,
      "z" : 0.0
    }, {
      "x" : -1.745356,
      "y" : -5.236068,
      "z" : 0.872678
    }, {
      "x" : -0.872678,
      "y" : -5.236068,
      "z" : 1.745356
    }, {
      "x" : 0.0,
      "y" : -6.108746,
      "z" : 1.745356
    }, {
      "x" : 0.0,
      "y" : -6.981424,
      "z" : 0.872678
    }, {
      "x" : -0.872678,
      "y" : -6.981424,
      "z" : 0.0
    } ],
    "faces" : [ {
      "vertices" : [ 0, 1, 2 ]
    }, {
      "vertices" : [ 0, 2, 3 ]
    }, {
      "vertices" : [ 0, 3, 4 ]
    }, {
      "vertices" : [ 0, 4, 5 ]
    }, {
      "vertices" : [ 0, 5, 4 ]
    }, {
      "vertices" : [ 0, 4, 3 ]
    }, {
      "vertices" : [ 0, 3, 2 ]
    }, {
      "vertices" : [ 0, 2, 1 ]
    } ]
  }, {
    "id" : "b57189bd-e871-4f6f-8e1b-f13aed1c2b30",
    "vertices" : [ {
      "x" : 0.872678,
      "y" : -5.236068,
      "z" : 17.45356
    }, {
      "x" : 1.745356,
      "y" : -5.236068,
      "z" : 16.580881
    }, {
      "x" : 1.745356,
      "y" : -6.108746,
      "z" : 15.708204
    }, {
      "x" : 0.872678,
      "y" : -6.981424,
      "z" : 15.708204
    }, {
      "x" : 0.0,
      "y" : -6.981424,
      "z" : 16.580881
    }, {
      "x" : 0.0,
      "y" : -6.108746,
      "z" : 17.45356
    } ],
    "faces" : [ {
      "vertices" : [ 0, 1, 2 ]
    }, {
      "vertices" : [ 0, 2, 3 ]
    }, {
      "vertices" : [ 0, 3, 4 ]
    }, {
      "vertices" : [ 0, 4, 5 ]
    }, {
      "vertices" : [ 0, 5, 4 ]
    }, {
      "vertices" : [ 0, 4, 3 ]
    }, {
      "vertices" : [ 0, 3, 2 ]
    }, {
      "vertices" : [ 0, 2, 1 ]
    } ]
  }, {
    "id" : "fda355bb-1cce-42ea-b6ac-2ecb434dd84b",
    "vertices" : [ {
      "x" : 0.0,
      "y" : 13.962848,
      "z" : 0.872678
    }, {
      "x" : -0.872678,
      "y" : 13.962848,
      "z" : 0.0
    }, {
      "x" : 0.0,
      "y" : 13.962848,
      "z" : -0.872678
    }, {
      "x" : 0.872678,
      "y" : 13.962848,
      "z" : 0.0
    } ],
    "faces" : [ {
      "vertices" : [ 0, 1, 2 ]
    }, {
      "vertices" : [ 0, 2, 3 ]
    }, {
      "vertices" : [ 0, 3, 2 ]
    }, {
      "vertices" : [ 0, 2, 1 ]
    } ]
  }, {
    "id" : "6237b615-b2e1-4db5-ac3f-987de43af373",
    "vertices" : [ {
      "x" : 5.236068,
      "y" : -6.981424,
      "z" : -14.8355255
    }, {
      "x" : 4.36339,
      "y" : -6.981424,
      "z" : -15.708204
    }, {
      "x" : 5.236068,
      "y" : -6.981424,
      "z" : -16.580881
    }, {
      "x" : 6.108746,
      "y" : -6.981424,
      "z" : -15.708204
    } ],
    "faces" : [ {
      "vertices" : [ 0, 1, 2 ]
    }, {
      "vertices" : [ 0, 2, 3 ]
    }, {
      "vertices" : [ 0, 3, 2 ]
    }, {
      "vertices" : [ 0, 2, 1 ]
    } ]
  }, {
    "id" : "ef27053c-59b6-4280-b33a-408592a19e05",
    "vertices" : [ {
      "x" : 1.745356,
      "y" : 10.472136,
      "z" : 0.872678
    }, {
      "x" : 1.745356,
      "y" : 11.344814,
      "z" : 0.0
    }, {
      "x" : 1.745356,
      "y" : 10.472136,
      "z" : -0.872678
    }, {
      "x" : 1.745356,
      "y" : 9.599458,
      "z" : 0.0
    } ],
    "faces" : [ {
      "vertices" : [ 0, 1, 2 ]
    }, {
      "vertices" : [ 0, 2, 3 ]
    }, {
      "vertices" : [ 0, 3, 2 ]
    }, {
      "vertices" : [ 0, 2, 1 ]
    } ]
  }, {
    "id" : "920e2b4b-ac11-4f10-84a7-b21a11857383",
    "vertices" : [ {
      "x" : 5.236068,
      "y" : -6.108746,
      "z" : -17.45356
    }, {
      "x" : 4.36339,
      "y" : -5.236068,
      "z" : -17.45356
    }, {
      "x" : 3.490712,
      "y" : -5.236068,
      "z" : -16.580881
    }, {
      "x" : 3.490712,
      "y" : -6.108746,
      "z" : -15.708204
    }, {
      "x" : 4.36339,
      "y" : -6.981424,
      "z" : -15.708204
    }, {
      "x" : 5.236068,
      "y" : -6.981424,
      "z" : -16.580881
    } ],
    "faces" : [ {
      "vertices" : [ 0, 1, 2 ]
    }, {
      "vertices" : [ 0, 2, 3 ]
    }, {
      "vertices" : [ 0, 3, 4 ]
    }, {
      "vertices" : [ 0, 4, 5 ]
    }, {
      "vertices" : [ 0, 5, 4 ]
    }, {
      "vertices" : [ 0, 4, 3 ]
    }, {
      "vertices" : [ 0, 3, 2 ]
    }, {
      "vertices" : [ 0, 2, 1 ]
    } ]
  }, {
    "id" : "902b5832-856c-47cd-8548-f3ce33d828b8",
    "vertices" : [ {
      "x" : -1.745356,
      "y" : -11.344814,
      "z" : 0.0
    }, {
      "x" : -1.745356,
      "y" : -10.472136,
      "z" : 0.872678
    }, {
      "x" : -0.872678,
      "y" : -10.472136,
      "z" : 1.745356
    }, {
      "x" : 0.0,
      "y" : -11.344814,
      "z" : 1.745356
    }, {
      "x" : 0.0,
      "y" : -12.217492,
      "z" : 0.872678
    }, {
      "x" : -0.872678,
      "y" : -12.217492,
      "z" : 0.0
    } ],
    "faces" : [ {
      "vertices" : [ 0, 1, 2 ]
    }, {
      "vertices" : [ 0, 2, 3 ]
    }, {
      "vertices" : [ 0, 3, 4 ]
    }, {
      "vertices" : [ 0, 4, 5 ]
    }, {
      "vertices" : [ 0, 5, 4 ]
    }, {
      "vertices" : [ 0, 4, 3 ]
    }, {
      "vertices" : [ 0, 3, 2 ]
    }, {
      "vertices" : [ 0, 2, 1 ]
    } ]
  }, {
    "id" : "27a2d7ab-d575-4e96-b96b-65f28a43c468",
    "vertices" : [ {
      "x" : 5.236068,
      "y" : -4.36339,
      "z" : -12.217492
    }, {
      "x" : 5.236068,
      "y" : -3.490712,
      "z" : -11.344814
    }, {
      "x" : 4.36339,
      "y" : -3.490712,
      "z" : -10.472136
    }, {
      "x" : 3.490712,
      "y" : -4.36339,
      "z" : -10.472136
    }, {
      "x" : 3.490712,
      "y" : -5.236068,
      "z" : -11.344814
    }, {
      "x" : 4.36339,
      "y" : -5.236068,
      "z" : -12.217492
    } ],
    "faces" : [ {
      "vertices" : [ 0, 1, 2 ]
    }, {
      "vertices" : [ 0, 2, 3 ]
    }, {
      "vertices" : [ 0, 3, 4 ]
    }, {
      "vertices" : [ 0, 4, 5 ]
    }, {
      "vertices" : [ 0, 5, 4 ]
    }, {
      "vertices" : [ 0, 4, 3 ]
    }, {
      "vertices" : [ 0, 3, 2 ]
    }, {
      "vertices" : [ 0, 2, 1 ]
    } ]
  }, {
    "id" : "017194c0-e942-496c-ab92-c26ea0ef359a",
    "vertices" : [ {
      "x" : -6.981424,
      "y" : 9.599458,
      "z" : 5.236068
    }, {
      "x" : -6.981424,
      "y" : 10.472136,
      "z" : 6.108746
    }, {
      "x" : -6.108746,
      "y" : 10.472136,
      "z" : 6.981424
    }, {
      "x" : -5.236068,
      "y" : 9.599458,
      "z" : 6.981424
    }, {
      "x" : -5.236068,
      "y" : 8.72678,
      "z" : 6.108746
    }, {
      "x" : -6.108746,
      "y" : 8.72678,
      "z" : 5.236068
    } ],
    "faces" : [ {
      "vertices" : [ 0, 1, 2 ]
    }, {
      "vertices" : [ 0, 2, 3 ]
    }, {
      "vertices" : [ 0, 3, 4 ]
    }, {
      "vertices" : [ 0, 4, 5 ]
    }, {
      "vertices" : [ 0, 5, 4 ]
    }, {
      "vertices" : [ 0, 4, 3 ]
    }, {
      "vertices" : [ 0, 3, 2 ]
    }, {
      "vertices" : [ 0, 2, 1 ]
    } ]
  }, {
    "id" : "5f8d6d29-70fc-458f-9b62-c512f06f142a",
    "vertices" : [ {
      "x" : 0.0,
      "y" : 6.108746,
      "z" : -3.490712
    }, {
      "x" : 0.872678,
      "y" : 5.236068,
      "z" : -3.490712
    }, {
      "x" : 0.0,
      "y" : 4.36339,
      "z" : -3.490712
    }, {
      "x" : -0.872678,
      "y" : 5.236068,
      "z" : -3.490712
    } ],
    "faces" : [ {
      "vertices" : [ 0, 1, 2 ]
    }, {
      "vertices" : [ 0, 2, 3 ]
    }, {
      "vertices" : [ 0, 3, 2 ]
    }, {
      "vertices" : [ 0, 2, 1 ]
    } ]
  }, {
    "id" : "91e15eb5-f32c-4cac-b122-b97a97c03e4d",
    "vertices" : [ {
      "x" : -1.745356,
      "y" : -6.108746,
      "z" : 5.236068
    }, {
      "x" : -1.745356,
      "y" : -5.236068,
      "z" : 6.108746
    }, {
      "x" : -0.872678,
      "y" : -5.236068,
      "z" : 6.981424
    }, {
      "x" : 0.0,
      "y" : -6.108746,
      "z" : 6.981424
    }, {
      "x" : 0.0,
      "y" : -6.981424,
      "z" : 6.108746
    }, {
      "x" : -0.872678,
      "y" : -6.981424,
      "z" : 5.236068
    } ],
    "faces" : [ {
      "vertices" : [ 0, 1, 2 ]
    }, {
      "vertices" : [ 0, 2, 3 ]
    }, {
      "vertices" : [ 0, 3, 4 ]
    }, {
      "vertices" : [ 0, 4, 5 ]
    }, {
      "vertices" : [ 0, 5, 4 ]
    }, {
      "vertices" : [ 0, 4, 3 ]
    }, {
      "vertices" : [ 0, 3, 2 ]
    }, {
      "vertices" : [ 0, 2, 1 ]
    } ]
  }, {
    "id" : "73782b9b-87a3-4149-bbf2-37b111ec09f0",
    "vertices" : [ {
      "x" : -5.236068,
      "y" : 11.344814,
      "z" : -1.745356
    }, {
      "x" : -5.236068,
      "y" : 12.217492,
      "z" : -0.872678
    }, {
      "x" : -6.108746,
      "y" : 12.217492,
      "z" : 0.0
    }, {
      "x" : -6.981424,
      "y" : 11.344814,
      "z" : 0.0
    }, {
      "x" : -6.981424,
      "y" : 10.472136,
      "z" : -0.872678
    }, {
      "x" : -6.108746,
      "y" : 10.472136,
      "z" : -1.745356
    } ],
    "faces" : [ {
      "vertices" : [ 0, 1, 2 ]
    }, {
      "vertices" : [ 0, 2, 3 ]
    }, {
      "vertices" : [ 0, 3, 4 ]
    }, {
      "vertices" : [ 0, 4, 5 ]
    }, {
      "vertices" : [ 0, 5, 4 ]
    }, {
      "vertices" : [ 0, 4, 3 ]
    }, {
      "vertices" : [ 0, 3, 2 ]
    }, {
      "vertices" : [ 0, 2, 1 ]
    } ]
  }, {
    "id" : "612818e4-e9e2-4a85-b2ec-b05be7dcb240",
    "vertices" : [ {
      "x" : 0.0,
      "y" : 1.745356,
      "z" : -4.36339
    }, {
      "x" : -0.872678,
      "y" : 1.745356,
      "z" : -5.236068
    }, {
      "x" : 0.0,
      "y" : 1.745356,
      "z" : -6.108746
    }, {
      "x" : 0.872678,
      "y" : 1.745356,
      "z" : -5.236068
    } ],
    "faces" : [ {
      "vertices" : [ 0, 1, 2 ]
    }, {
      "vertices" : [ 0, 2, 3 ]
    }, {
      "vertices" : [ 0, 3, 2 ]
    }, {
      "vertices" : [ 0, 2, 1 ]
    } ]
  }, {
    "id" : "8f037e70-b123-4d20-88fe-54db89cc67ef",
    "vertices" : [ {
      "x" : 0.0,
      "y" : -4.36339,
      "z" : 6.981424
    }, {
      "x" : 0.872678,
      "y" : -5.236068,
      "z" : 6.981424
    }, {
      "x" : 0.0,
      "y" : -6.108746,
      "z" : 6.981424
    }, {
      "x" : -0.872678,
      "y" : -5.236068,
      "z" : 6.981424
    } ],
    "faces" : [ {
      "vertices" : [ 0, 1, 2 ]
    }, {
      "vertices" : [ 0, 2, 3 ]
    }, {
      "vertices" : [ 0, 3, 2 ]
    }, {
      "vertices" : [ 0, 2, 1 ]
    } ]
  }, {
    "id" : "df28a4ff-8a18-4440-86c7-8df2e5e9db52",
    "vertices" : [ {
      "x" : -5.236068,
      "y" : 6.108746,
      "z" : 1.745356
    }, {
      "x" : -4.36339,
      "y" : 5.236068,
      "z" : 1.745356
    }, {
      "x" : -5.236068,
      "y" : 4.36339,
      "z" : 1.745356
    }, {
      "x" : -6.108746,
      "y" : 5.236068,
      "z" : 1.745356
    } ],
    "faces" : [ {
      "vertices" : [ 0, 1, 2 ]
    }, {
      "vertices" : [ 0, 2, 3 ]
    }, {
      "vertices" : [ 0, 3, 2 ]
    }, {
      "vertices" : [ 0, 2, 1 ]
    } ]
  }, {
    "id" : "689da8c7-4c03-46d1-b54a-4f52b215b055",
    "vertices" : [ {
      "x" : 6.981424,
      "y" : -15.708204,
      "z" : -4.36339
    }, {
      "x" : 6.981424,
      "y" : -14.8355255,
      "z" : -5.236068
    }, {
      "x" : 6.981424,
      "y" : -15.708204,
      "z" : -6.108746
    }, {
      "x" : 6.981424,
      "y" : -16.580881,
      "z" : -5.236068
    } ],
    "faces" : [ {
      "vertices" : [ 0, 1, 2 ]
    }, {
      "vertices" : [ 0, 2, 3 ]
    }, {
      "vertices" : [ 0, 3, 2 ]
    }, {
      "vertices" : [ 0, 2, 1 ]
    } ]
  }, {
    "id" : "08709d20-96e7-4411-a25c-ddab1bd53a29",
    "vertices" : [ {
      "x" : -5.236068,
      "y" : 8.72678,
      "z" : 0.872678
    }, {
      "x" : -6.108746,
      "y" : 8.72678,
      "z" : 0.0
    }, {
      "x" : -5.236068,
      "y" : 8.72678,
      "z" : -0.872678
    }, {
      "x" : -4.36339,
      "y" : 8.72678,
      "z" : 0.0
    } ],
    "faces" : [ {
      "vertices" : [ 0, 1, 2 ]
    }, {
      "vertices" : [ 0, 2, 3 ]
    }, {
      "vertices" : [ 0, 3, 2 ]
    }, {
      "vertices" : [ 0, 2, 1 ]
    } ]
  }, {
    "id" : "5e71174d-9829-48b4-a0e9-05e669c6373c",
    "vertices" : [ {
      "x" : 0.872678,
      "y" : 15.708204,
      "z" : 1.745356
    }, {
      "x" : 1.745356,
      "y" : 15.708204,
      "z" : 0.872678
    }, {
      "x" : 1.745356,
      "y" : 14.8355255,
      "z" : 0.0
    }, {
      "x" : 0.872678,
      "y" : 13.962848,
      "z" : 0.0
    }, {
      "x" : 0.0,
      "y" : 13.962848,
      "z" : 0.872678
    }, {
      "x" : 0.0,
      "y" : 14.8355255,
      "z" : 1.745356
    } ],
    "faces" : [ {
      "vertices" : [ 0, 1, 2 ]
    }, {
      "vertices" : [ 0, 2, 3 ]
    }, {
      "vertices" : [ 0, 3, 4 ]
    }, {
      "vertices" : [ 0, 4, 5 ]
    }, {
      "vertices" : [ 0, 5, 4 ]
    }, {
      "vertices" : [ 0, 4, 3 ]
    }, {
      "vertices" : [ 0, 3, 2 ]
    }, {
      "vertices" : [ 0, 2, 1 ]
    } ]
  }, {
    "id" : "ff88baa0-abf3-4c03-8dba-4ab9fb6f99b0",
    "vertices" : [ {
      "x" : -5.236068,
      "y" : 6.981424,
      "z" : 11.344814
    }, {
      "x" : -6.108746,
      "y" : 6.981424,
      "z" : 10.472136
    }, {
      "x" : -5.236068,
      "y" : 6.981424,
      "z" : 9.599458
    }, {
      "x" : -4.36339,
      "y" : 6.981424,
      "z" : 10.472136
    } ],
    "faces" : [ {
      "vertices" : [ 0, 1, 2 ]
    }, {
      "vertices" : [ 0, 2, 3 ]
    }, {
      "vertices" : [ 0, 3, 2 ]
    }, {
      "vertices" : [ 0, 2, 1 ]
    } ]
  }, {
    "id" : "297c2d00-009a-42fa-909e-901de717110f",
    "vertices" : [ {
      "x" : -5.236068,
      "y" : 6.108746,
      "z" : -1.745356
    }, {
      "x" : -4.36339,
      "y" : 5.236068,
      "z" : -1.745356
    }, {
      "x" : -5.236068,
      "y" : 4.36339,
      "z" : -1.745356
    }, {
      "x" : -6.108746,
      "y" : 5.236068,
      "z" : -1.745356
    } ],
    "faces" : [ {
      "vertices" : [ 0, 1, 2 ]
    }, {
      "vertices" : [ 0, 2, 3 ]
    }, {
      "vertices" : [ 0, 3, 2 ]
    }, {
      "vertices" : [ 0, 2, 1 ]
    } ]
  }, {
    "id" : "d233a79d-7f31-4288-804a-e0d7ab843e50",
    "vertices" : [ {
      "x" : 1.745356,
      "y" : 15.708204,
      "z" : 0.872678
    }, {
      "x" : 1.745356,
      "y" : 16.580881,
      "z" : 0.0
    }, {
      "x" : 1.745356,
      "y" : 15.708204,
      "z" : -0.872678
    }, {
      "x" : 1.745356,
      "y" : 14.8355255,
      "z" : 0.0
    } ],
    "faces" : [ {
      "vertices" : [ 0, 1, 2 ]
    }, {
      "vertices" : [ 0, 2, 3 ]
    }, {
      "vertices" : [ 0, 3, 2 ]
    }, {
      "vertices" : [ 0, 2, 1 ]
    } ]
  }, {
    "id" : "9451d401-e09f-4e6c-9857-33bdd6b5824e",
    "vertices" : [ {
      "x" : -5.236068,
