{
  "field" : "golden",
  "symmetry" : "icosahedral",
  "orientations" : [ [ 1.0, 0.0, 0.0, 0.0, 0.0, 1.0, 0.0, 0.0, 0.0, 0.0, 1.0, 0.0, 0.0, 0.0, 0.0, 1.0 ], [ 0.0, 0.0, 1.0, 0.0, 1.0, 0.0, 0.0, 0.0, 0.0, 1.0, 0.0, 0.0, 0.0, 0.0, 0.0, 1.0 ], [ 0.0, 1.0, 0.0, 0.0, 0.0, 0.0, 1.0, 0.0, 1.0, 0.0, 0.0, 0.0, 0.0, 0.0, 0.0, 1.0 ], [ 0.809017, 0.309017, 0.5, 0.0, 0.309017, 0.5, -0.809017, 0.0, -0.5, 0.809017, 0.309017, 0.0, 0.0, 0.0, 0.0, 1.0 ], [ -0.5, 0.809017, 0.309017, 0.0, 0.809017, 0.309017, 0.5, 0.0, 0.309017, 0.5, -0.809017, 0.0, 0.0, 0.0, 0.0, 1.0 ], [ 0.309017, 0.5, -0.809017, 0.0, -0.5, 0.809017, 0.309017, 0.0, 0.809017, 0.309017, 0.5, 0.0, 0.0, 0.0, 0.0, 1.0 ], [ 0.5, 0.809017, 0.309017, 0.0, 0.809017, -0.309017, -0.5, 0.0, -0.309017, 0.5, -0.809017, 0.0, 0.0, 0.0, 0.0, 1.0 ], [ -0.309017, 0.5, -0.809017, 0.0, 0.5, 0.809017, 0.309017, 0.0, 0.809017, -0.309017, -0.5, 0.0, 0.0, 0.0, 0.0, 1.0 ], [ 0.809017, -0.309017, -0.5, 0.0, -0.309017, 0.5, -0.809017, 0.0, 0.5, 0.809017, 0.309017, 0.0, 0.0, 0.0, 0.0, 1.0 ], [ 0.5, 0.809017, -0.309017, 0.0, 0.809017, -0.309017, 0.5, 0.0, 0.309017, -0.5, -0.809017, 0.0, 0.0, 0.0, 0.0, 1.0 ], [ 0.309017, -0.5, -0.809017, 0.0, 0.5, 0.809017, -0.309017, 0.0, 0.809017, -0.309017, 0.5, 0.0, 0.0, 0.0, 0.0, 1.0 ], [ 0.809017, -0.309017, 0.5, 0.0, 0.309017, -0.5, -0.809017, 0.0, 0.5, 0.809017, -0.309017, 0.0, 0.0, 0.0, 0.0, 1.0 ], [ 0.809017, 0.309017, -0.5, 0.0, 0.309017, 0.5, 0.809017, 0.0, 0.5, -0.809017, 0.309017, 0.0, 0.0, 0.0, 0.0, 1.0 ], [ 0.5, -0.809017, 0.309017, 0.0, 0.809017, 0.309017, -0.5, 0.0, 0.309017, 0.5, 0.809017, 0.0, 0.0, 0.0, 0.0, 1.0 ], [ 0.309017, 0.5, 0.809017, 0.0, 0.5, -0.809017, 0.309017, 0.0, 0.809017, 0.309017, -0.5, 0.0, 0.0, 0.0, 0.0, 1.0 ], [ 1.0, 0.0, 0.0, 0.0, 0.0, -1.0, 0.0, 0.0, 0.0, 0.0, -1.0, 0.0, 0.0, 0.0, 0.0, 1.0 ], [ 0.0, 0.0, 1.0, 0.0, -1.0, 0.0, 0.0, 0.0, 0.0, -1.0, 0.0, 0.0, 0.0, 0.0, 0.0, 1.0 ], [ 0.0, 1.0, 0.0, 0.0, 0.0, 0.0, -1.0, 0.0, -1.0, 0.0, 0.0, 0.0, 0.0, 0.0, 0.0, 1.0 ], [ 0.809017, 0.309017, 0.5, 0.0, -0.309017, -0.5, 0.809017, 0.0, 0.5, -0.809017, -0.309017, 0.0, 0.0, 0.0, 0.0, 1.0 ], [ -0.5, 0.809017, 0.309017, 0.0, -0.809017, -0.309017, -0.5, 0.0, -0.309017, -0.5, 0.809017, 0.0, 0.0, 0.0, 0.0, 1.0 ], [ 0.309017, 0.5, -0.809017, 0.0, 0.5, -0.809017, -0.309017, 0.0, -0.809017, -0.309017, -0.5, 0.0, 0.0, 0.0, 0.0, 1.0 ], [ 0.5, 0.809017, 0.309017, 0.0, -0.809017, 0.309017, 0.5, 0.0, 0.309017, -0.5, 0.809017, 0.0, 0.0, 0.0, 0.0, 1.0 ], [ -0.309017, 0.5, -0.809017, 0.0, -0.5, -0.809017, -0.309017, 0.0, -0.809017, 0.309017, 0.5, 0.0, 0.0, 0.0, 0.0, 1.0 ], [ 0.809017, -0.309017, -0.5, 0.0, 0.309017, -0.5, 0.809017, 0.0, -0.5, -0.809017, -0.309017, 0.0, 0.0, 0.0, 0.0, 1.0 ], [ 0.5, 0.809017, -0.309017, 0.0, -0.809017, 0.309017, -0.5, 0.0, -0.309017, 0.5, 0.809017, 0.0, 0.0, 0.0, 0.0, 1.0 ], [ 0.309017, -0.5, -0.809017, 0.0, -0.5, -0.809017, 0.309017, 0.0, -0.809017, 0.309017, -0.5, 0.0, 0.0, 0.0, 0.0, 1.0 ], [ 0.809017, -0.309017, 0.5, 0.0, -0.309017, 0.5, 0.809017, 0.0, -0.5, -0.809017, 0.309017, 0.0, 0.0, 0.0, 0.0, 1.0 ], [ 0.809017, 0.309017, -0.5, 0.0, -0.309017, -0.5, -0.809017, 0.0, -0.5, 0.809017, -0.309017, 0.0, 0.0, 0.0, 0.0, 1.0 ], [ 0.5, -0.809017, 0.309017, 0.0, -0.809017, -0.309017, 0.5, 0.0, -0.309017, -0.5, -0.809017, 0.0, 0.0, 0.0, 0.0, 1.0 ], [ 0.309017, 0.5, 0.809017, 0.0, -0.5, 0.809017, -0.309017, 0.0, -0.809017, -0.309017, 0.5, 0.0, 0.0, 0.0, 0.0, 1.0 ], [ -1.0, 0.0, 0.0, 0.0, 0.0, -1.0, 0.0, 0.0, 0.0, 0.0, 1.0, 0.0, 0.0, 0.0, 0.0, 1.0 ], [ 0.0, 0.0, -1.0, 0.0, -1.0, 0.0, 0.0, 0.0, 0.0, 1.0, 0.0, 0.0, 0.0, 0.0, 0.0, 1.0 ], [ 0.0, -1.0, 0.0, 0.0, 0.0, 0.0, -1.0, 0.0, 1.0, 0.0, 0.0, 0.0, 0.0, 0.0, 0.0, 1.0 ], [ -0.809017, -0.309017, -0.5, 0.0, -0.309017, -0.5, 0.809017, 0.0, -0.5, 0.809017, 0.309017, 0.0, 0.0, 0.0, 0.0, 1.0 ], [ 0.5, -0.809017, -0.309017, 0.0, -0.809017, -0.309017, -0.5, 0.0, 0.309017, 0.5, -0.809017, 0.0, 0.0, 0.0, 0.0, 1.0 ], [ -0.309017, -0.5, 0.809017, 0.0, 0.5, -0.809017, -0.309017, 0.0, 0.809017, 0.309017, 0.5, 0.0, 0.0, 0.0, 0.0, 1.0 ], [ -0.5, -0.809017, -0.309017, 0.0, -0.809017, 0.309017, 0.5, 0.0, -0.309017, 0.5, -0.809017, 0.0, 0.0, 0.0, 0.0, 1.0 ], [ 0.309017, -0.5, 0.809017, 0.0, -0.5, -0.809017, -0.309017, 0.0, 0.809017, -0.309017, -0.5, 0.0, 0.0, 0.0, 0.0, 1.0 ], [ -0.809017, 0.309017, 0.5, 0.0, 0.309017, -0.5, 0.809017, 0.0, 0.5, 0.809017, 0.309017, 0.0, 0.0, 0.0, 0.0, 1.0 ], [ -0.5, -0.809017, 0.309017, 0.0, -0.809017, 0.309017, -0.5, 0.0, 0.309017, -0.5, -0.809017, 0.0, 0.0, 0.0, 0.0, 1.0 ], [ -0.309017, 0.5, 0.809017, 0.0, -0.5, -0.809017, 0.309017, 0.0, 0.809017, -0.309017, 0.5, 0.0, 0.0, 0.0, 0.0, 1.0 ], [ -0.809017, 0.309017, -0.5, 0.0, -0.309017, 0.5, 0.809017, 0.0, 0.5, 0.809017, -0.309017, 0.0, 0.0, 0.0, 0.0, 1.0 ], [ -0.809017, -0.309017, 0.5, 0.0, -0.309017, -0.5, -0.809017, 0.0, 0.5, -0.809017, 0.309017, 0.0, 0.0, 0.0, 0.0, 1.0 ], [ -0.5, 0.809017, -0.309017, 0.0, -0.809017, -0.309017, 0.5, 0.0, 0.309017, 0.5, 0.809017, 0.0, 0.0, 0.0, 0.0, 1.0 ], [ -0.309017, -0.5, -0.809017, 0.0, -0.5, 0.809017, -0.309017, 0.0, 0.809017, 0.309017, -0.5, 0.0, 0.0, 0.0, 0.0, 1.0 ], [ -1.0, 0.0, 0.0, 0.0, 0.0, 1.0, 0.0, 0.0, 0.0, 0.0, -1.0, 0.0, 0.0, 0.0, 0.0, 1.0 ], [ 0.0, 0.0, -1.0, 0.0, 1.0, 0.0, 0.0, 0.0, 0.0, -1.0, 0.0, 0.0, 0.0, 0.0, 0.0, 1.0 ], [ 0.0, -1.0, 0.0, 0.0, 0.0, 0.0, 1.0, 0.0, -1.0, 0.0, 0.0, 0.0, 0.0, 0.0, 0.0, 1.0 ], [ -0.809017, -0.309017, -0.5, 0.0, 0.309017, 0.5, -0.809017, 0.0, 0.5, -0.809017, -0.309017, 0.0, 0.0, 0.0, 0.0, 1.0 ], [ 0.5, -0.809017, -0.309017, 0.0, 0.809017, 0.309017, 0.5, 0.0, -0.309017, -0.5, 0.809017, 0.0, 0.0, 0.0, 0.0, 1.0 ], [ -0.309017, -0.5, 0.809017, 0.0, -0.5, 0.809017, 0.309017, 0.0, -0.809017, -0.309017, -0.5, 0.0, 0.0, 0.0, 0.0, 1.0 ], [ -0.5, -0.809017, -0.309017, 0.0, 0.809017, -0.309017, -0.5, 0.0, 0.309017, -0.5, 0.809017, 0.0, 0.0, 0.0, 0.0, 1.0 ], [ 0.309017, -0.5, 0.809017, 0.0, 0.5, 0.809017, 0.309017, 0.0, -0.809017, 0.309017, 0.5, 0.0, 0.0, 0.0, 0.0, 1.0 ], [ -0.809017, 0.309017, 0.5, 0.0, -0.309017, 0.5, -0.809017, 0.0, -0.5, -0.809017, -0.309017, 0.0, 0.0, 0.0, 0.0, 1.0 ], [ -0.5, -0.809017, 0.309017, 0.0, 0.809017, -0.309017, 0.5, 0.0, -0.309017, 0.5, 0.809017, 0.0, 0.0, 0.0, 0.0, 1.0 ], [ -0.309017, 0.5, 0.809017, 0.0, 0.5, 0.809017, -0.309017, 0.0, -0.809017, 0.309017, -0.5, 0.0, 0.0, 0.0, 0.0, 1.0 ], [ -0.809017, 0.309017, -0.5, 0.0, 0.309017, -0.5, -0.809017, 0.0, -0.5, -0.809017, 0.309017, 0.0, 0.0, 0.0, 0.0, 1.0 ], [ -0.809017, -0.309017, 0.5, 0.0, 0.309017, 0.5, 0.809017, 0.0, -0.5, 0.809017, -0.309017, 0.0, 0.0, 0.0, 0.0, 1.0 ], [ -0.5, 0.809017, -0.309017, 0.0, 0.809017, 0.309017, -0.5, 0.0, -0.309017, -0.5, -0.809017, 0.0, 0.0, 0.0, 0.0, 1.0 ], [ -0.309017, -0.5, -0.809017, 0.0, 0.5, -0.809017, 0.309017, 0.0, -0.809017, -0.309017, 0.5, 0.0, 0.0, 0.0, 0.0, 1.0 ] ],
  "lights" : {
    "ambientColor" : "#292929",
    "backgroundColor" : "#FFFFFF",
    "directionalLights" : [ {
      "direction" : {
        "x" : 1.0,
        "y" : -1.0,
        "z" : -1.0
      },
      "color" : "#EBEBE4"
    }, {
      "direction" : {
        "x" : -1.0,
        "y" : 0.0,
        "z" : 0.0
      },
      "color" : "#E4E4EB"
    }, {
      "direction" : {
        "x" : 0.0,
        "y" : 0.0,
        "z" : -1.0
      },
      "color" : "#1E1E1E"
    } ]
  },
  "camera" : {
    "lookDirection" : {
      "x" : -0.57735026,
      "y" : -0.57735026,
      "z" : -0.57735026
    },
    "upDirection" : {
      "x" : -0.50000006,
      "y" : 0.809017,
      "z" : -0.309017
    },
    "lookAtPoint" : {
      "x" : 0.0,
      "y" : 0.0,
      "z" : 0.0
    },
    "fieldOfView" : 0.44262913,
    "perspective" : true,
    "viewDistance" : 146.77187,
    "nearClipDistance" : 0.36692977,
    "farClipDistance" : 293.54404,
    "width" : 66.04738,
    "stereo" : false,
    "position" : {
      "x" : 84.73878,
      "y" : 84.73878,
      "z" : 84.73878
    }
  },
  "embedding" : [ 1.0, 0.0, 0.0, 0.0, 0.0, 1.0, 0.0, 0.0, 0.0, 0.0, 1.0, 0.0, 0.0, 0.0, 0.0, 1.0 ],
  "shapes" : [ {
    "id" : "eb537872-93a2-4b75-aadd-0cdf68de37c5",
    "vertices" : [ {
      "x" : -5.236068,
      "y" : 9.599458,
      "z" : -6.981424
    }, {
      "x" : -6.108746,
      "y" : 10.472136,
      "z" : -6.981424
    }, {
      "x" : -6.981424,
      "y" : 10.472136,
      "z" : -6.108746
    }, {
      "x" : -6.981424,
      "y" : 9.599458,
      "z" : -5.236068
    }, {
      "x" : -6.108746,
      "y" : 8.72678,
      "z" : -5.236068
    }, {
      "x" : -5.236068,
      "y" : 8.72678,
      "z" : -6.108746
    } ],
    "faces" : [ {
      "vertices" : [ 0, 1, 2 ]
    }, {
      "vertices" : [ 0, 2, 3 ]
    }, {
      "vertices" : [ 0, 3, 4 ]
    }, {
      "vertices" : [ 0, 4, 5 ]
    }, {
      "vertices" : [ 0, 5, 4 ]
    }, {
      "vertices" : [ 0, 4, 3 ]
    }, {
      "vertices" : [ 0, 3, 2 ]
    }, {
      "vertices" : [ 0, 2, 1 ]
    } ]
  }, {
    "id" : "5eb127e3-2ce3-408b-86bd-cca490190e44",
    "vertices" : [ {
      "x" : 4.236068,
      "y" : 0.309017,
      "z" : 0.19098301
    }, {
      "x" : 4.236068,
      "y" : 0.309017,
      "z" : -0.19098301
    }, {
      "x" : 1.0,
      "y" : 0.309017,
      "z" : -0.19098301
    }, {
      "x" : 1.0,
      "y" : 0.309017,
      "z" : 0.19098301
    }, {
      "x" : 4.236068,
      "y" : -0.309017,
      "z" : 0.19098301
    }, {
      "x" : 1.0,
      "y" : -0.309017,
      "z" : 0.19098301
    }, {
      "x" : 1.0,
      "y" : -0.309017,
      "z" : -0.19098301
    }, {
      "x" : 4.236068,
      "y" : -0.309017,
      "z" : -0.19098301
    }, {
      "x" : 5.236068,
      "y" : 0.0,
      "z" : 0.0
    } ],
    "faces" : [ {
      "vertices" : [ 1, 7, 6 ]
    }, {
      "vertices" : [ 1, 6, 2 ]
    }, {
      "vertices" : [ 0, 1, 2 ]
    }, {
      "vertices" : [ 0, 2, 3 ]
    }, {
      "vertices" : [ 4, 5, 6 ]
    }, {
      "vertices" : [ 4, 6, 7 ]
    }, {
      "vertices" : [ 0, 3, 5 ]
    }, {
      "vertices" : [ 0, 5, 4 ]
    } ]
  }, {
    "id" : "35e015fd-eba6-417e-9296-3f3d3df3e0df",
    "vertices" : [ {
      "x" : 5.236068,
      "y" : 0.872678,
      "z" : -1.745356
    }, {
      "x" : 5.236068,
      "y" : 1.745356,
      "z" : -0.872678
    }, {
      "x" : 4.36339,
      "y" : 1.745356,
      "z" : 0.0
    }, {
      "x" : 3.490712,
      "y" : 0.872678,
      "z" : 0.0
    }, {
      "x" : 3.490712,
      "y" : 0.0,
      "z" : -0.872678
    }, {
      "x" : 4.36339,
      "y" : 0.0,
      "z" : -1.745356
    } ],
    "faces" : [ {
      "vertices" : [ 0, 1, 2 ]
    }, {
      "vertices" : [ 0, 2, 3 ]
    }, {
      "vertices" : [ 0, 3, 4 ]
    }, {
      "vertices" : [ 0, 4, 5 ]
    }, {
      "vertices" : [ 0, 5, 4 ]
    }, {
      "vertices" : [ 0, 4, 3 ]
    }, {
      "vertices" : [ 0, 3, 2 ]
    }, {
      "vertices" : [ 0, 2, 1 ]
    } ]
  }, {
    "id" : "2f037e3e-773f-4851-9bc9-9546cca73aa4",
    "vertices" : [ {
      "x" : -3.490712,
      "y" : 0.0,
      "z" : 11.344814
    }, {
      "x" : -3.490712,
      "y" : 0.872678,
      "z" : 10.472136
    }, {
      "x" : -3.490712,
      "y" : 0.0,
      "z" : 9.599458
    }, {
      "x" : -3.490712,
      "y" : -0.872678,
      "z" : 10.472136
    } ],
    "faces" : [ {
      "vertices" : [ 0, 1, 2 ]
    }, {
      "vertices" : [ 0, 2, 3 ]
    }, {
      "vertices" : [ 0, 3, 2 ]
    }, {
      "vertices" : [ 0, 2, 1 ]
    } ]
  }, {
    "id" : "422ce1d9-570b-49ed-b6a1-cde215c94f3c",
    "vertices" : [ {
      "x" : 5.236068,
      "y" : -4.36339,
      "z" : -3.490712
    }, {
      "x" : 5.236068,
      "y" : -3.490712,
      "z" : -4.36339
    }, {
      "x" : 6.108746,
      "y" : -3.490712,
      "z" : -5.236068
    }, {
      "x" : 6.981424,
      "y" : -4.36339,
      "z" : -5.236068
    }, {
      "x" : 6.981424,
      "y" : -5.236068,
      "z" : -4.36339
    }, {
      "x" : 6.108746,
      "y" : -5.236068,
      "z" : -3.490712
    } ],
    "faces" : [ {
      "vertices" : [ 0, 1, 2 ]
    }, {
      "vertices" : [ 0, 2, 3 ]
    }, {
      "vertices" : [ 0, 3, 4 ]
    }, {
      "vertices" : [ 0, 4, 5 ]
    }, {
      "vertices" : [ 0, 5, 4 ]
    }, {
      "vertices" : [ 0, 4, 3 ]
    }, {
      "vertices" : [ 0, 3, 2 ]
    }, {
      "vertices" : [ 0, 2, 1 ]
    } ]
  }, {
    "id" : "77c24ad2-348a-4321-b85e-aabc3f8e25f9",
    "vertices" : [ {
      "x" : -3.490712,
      "y" : 0.0,
      "z" : 0.872678
    }, {
      "x" : -3.490712,
      "y" : 0.872678,
      "z" : 0.0
    }, {
      "x" : -3.490712,
      "y" : 0.0,
      "z" : -0.872678
    }, {
      "x" : -3.490712,
      "y" : -0.872678,
      "z" : 0.0
    } ],
    "faces" : [ {
      "vertices" : [ 0, 1, 2 ]
    }, {
      "vertices" : [ 0, 2, 3 ]
    }, {
      "vertices" : [ 0, 3, 2 ]
    }, {
      "vertices" : [ 0, 2, 1 ]
    } ]
  }, {
    "id" : "eb5442a5-f319-444a-8f54-0e5377f4d14a",
    "vertices" : [ {
      "x" : 5.236068,
      "y" : -4.36339,
      "z" : 1.745356
    }, {
      "x" : 5.236068,
      "y" : -3.490712,
      "z" : 0.872678
    }, {
      "x" : 6.108746,
      "y" : -3.490712,
      "z" : 0.0
    }, {
      "x" : 6.981424,
      "y" : -4.36339,
      "z" : 0.0
    }, {
      "x" : 6.981424,
      "y" : -5.236068,
      "z" : 0.872678
    }, {
      "x" : 6.108746,
      "y" : -5.236068,
      "z" : 1.745356
    } ],
    "faces" : [ {
      "vertices" : [ 0, 1, 2 ]
    }, {
      "vertices" : [ 0, 2, 3 ]
    }, {
      "vertices" : [ 0, 3, 4 ]
    }, {
      "vertices" : [ 0, 4, 5 ]
    }, {
      "vertices" : [ 0, 5, 4 ]
    }, {
      "vertices" : [ 0, 4, 3 ]
    }, {
      "vertices" : [ 0, 3, 2 ]
    }, {
      "vertices" : [ 0, 2, 1 ]
    } ]
  }, {
    "id" : "efa100dd-9496-401e-bdf0-29be07b93ad7",
    "vertices" : [ {
      "x" : 1.745356,
      "y" : 0.0,
      "z" : -4.36339
    }, {
      "x" : 1.745356,
      "y" : 0.872678,
      "z" : -5.236068
    }, {
      "x" : 1.745356,
      "y" : 0.0,
      "z" : -6.108746
    }, {
      "x" : 1.745356,
      "y" : -0.872678,
      "z" : -5.236068
    } ],
    "faces" : [ {
      "vertices" : [ 0, 1, 2 ]
    }, {
      "vertices" : [ 0, 2, 3 ]
    }, {
      "vertices" : [ 0, 3, 2 ]
    }, {
      "vertices" : [ 0, 2, 1 ]
    } ]
  }, {
    "id" : "3f882e8e-b2fc-42cf-9332-0d0511d376a4",
    "vertices" : [ {
      "x" : -5.236068,
      "y" : 0.872678,
      "z" : 6.981424
    }, {
      "x" : -4.36339,
      "y" : 0.0,
      "z" : 6.981424
    }, {
      "x" : -5.236068,
      "y" : -0.872678,
      "z" : 6.981424
    }, {
      "x" : -6.108746,
      "y" : 0.0,
      "z" : 6.981424
    } ],
    "faces" : [ {
      "vertices" : [ 0, 1, 2 ]
    }, {
      "vertices" : [ 0, 2, 3 ]
    }, {
      "vertices" : [ 0, 3, 2 ]
    }, {
      "vertices" : [ 0, 2, 1 ]
    } ]
  }, {
    "id" : "581f265e-2d78-430a-a31f-c153d277330e",
    "vertices" : [ {
      "x" : 0.0,
      "y" : -0.872678,
      "z" : 3.490712
    }, {
      "x" : -0.872678,
      "y" : 0.0,
      "z" : 3.490712
    }, {
      "x" : -1.745356,
      "y" : 0.0,
      "z" : 4.36339
    }, {
      "x" : -1.745356,
      "y" : -0.872678,
      "z" : 5.236068
    }, {
      "x" : -0.872678,
      "y" : -1.745356,
      "z" : 5.236068
    }, {
      "x" : 0.0,
      "y" : -1.745356,
      "z" : 4.36339
    } ],
    "faces" : [ {
      "vertices" : [ 0, 1, 2 ]
    }, {
      "vertices" : [ 0, 2, 3 ]
    }, {
      "vertices" : [ 0, 3, 4 ]
    }, {
      "vertices" : [ 0, 4, 5 ]
    }, {
      "vertices" : [ 0, 5, 4 ]
    }, {
      "vertices" : [ 0, 4, 3 ]
    }, {
      "vertices" : [ 0, 3, 2 ]
    }, {
      "vertices" : [ 0, 2, 1 ]
    } ]
  }, {
    "id" : "ca4503ec-9da7-4f01-8919-c71d836985ed",
    "vertices" : [ {
      "x" : -6.981424,
      "y" : 6.108746,
      "z" : 0.0
    }, {
      "x" : -6.981424,
      "y" : 5.236068,
      "z" : -0.872678
    }, {
      "x" : -6.981424,
      "y" : 4.36339,
      "z" : 0.0
    }, {
      "x" : -6.981424,
      "y" : 5.236068,
      "z" : 0.872678
    } ],
    "faces" : [ {
      "vertices" : [ 0, 1, 2 ]
    }, {
      "vertices" : [ 0, 2, 3 ]
    }, {
      "vertices" : [ 0, 3, 2 ]
    }, {
      "vertices" : [ 0, 2, 1 ]
    } ]
  }, {
    "id" : "254b49be-a4d1-4f24-a109-aba64f953332",
    "vertices" : [ {
      "x" : -3.490712,
      "y" : 10.472136,
      "z" : 0.872678
    }, {
      "x" : -3.490712,
      "y" : 11.344814,
      "z" : 0.0
    }, {
      "x" : -3.490712,
      "y" : 10.472136,
      "z" : -0.872678
    }, {
      "x" : -3.490712,
      "y" : 9.599458,
      "z" : 0.0
    } ],
    "faces" : [ {
      "vertices" : [ 0, 1, 2 ]
    }, {
      "vertices" : [ 0, 2, 3 ]
    }, {
      "vertices" : [ 0, 3, 2 ]
    }, {
      "vertices" : [ 0, 2, 1 ]
    } ]
  }, {
    "id" : "7a778c23-98a1-4e3b-97fd-02d54e09d079",
    "vertices" : [ {
      "x" : 1.745356,
      "y" : -5.236068,
      "z" : 0.872678
    }, {
      "x" : 1.745356,
      "y" : -4.36339,
      "z" : 0.0
    }, {
      "x" : 1.745356,
      "y" : -5.236068,
      "z" : -0.872678
    }, {
      "x" : 1.745356,
      "y" : -6.108746,
      "z" : 0.0
    } ],
    "faces" : [ {
      "vertices" : [ 0, 1, 2 ]
    }, {
      "vertices" : [ 0, 2, 3 ]
    }, {
      "vertices" : [ 0, 3, 2 ]
    }, {
      "vertices" : [ 0, 2, 1 ]
    } ]
  }, {
    "id" : "f22aeadc-bd2b-4713-aef3-3ee5ffe897b4",
    "vertices" : [ {
      "x" : 1.745356,
      "y" : 4.36339,
      "z" : -5.236068
    }, {
      "x" : 1.745356,
      "y" : 5.236068,
      "z" : -6.108746
    }, {
      "x" : 0.872678,
      "y" : 5.236068,
      "z" : -6.981424
    }, {
      "x" : 0.0,
      "y" : 4.36339,
      "z" : -6.981424
    }, {
      "x" : 0.0,
      "y" : 3.490712,
      "z" : -6.108746
    }, {
      "x" : 0.872678,
      "y" : 3.490712,
      "z" : -5.236068
    } ],
    "faces" : [ {
      "vertices" : [ 0, 1, 2 ]
    }, {
      "vertices" : [ 0, 2, 3 ]
    }, {
      "vertices" : [ 0, 3, 4 ]
    }, {
      "vertices" : [ 0, 4, 5 ]
    }, {
      "vertices" : [ 0, 5, 4 ]
    }, {
      "vertices" : [ 0, 4, 3 ]
    }, {
      "vertices" : [ 0, 3, 2 ]
    }, {
      "vertices" : [ 0, 2, 1 ]
    } ]
  }, {
    "id" : "54fb737a-e4a2-4de1-9289-b1661ca60370",
    "vertices" : [ {
      "x" : 0.0,
      "y" : 6.108746,
      "z" : -1.745356
    }, {
      "x" : 0.0,
      "y" : 6.981424,
      "z" : -0.872678
    }, {
      "x" : -0.872678,
      "y" : 6.981424,
      "z" : 0.0
    }, {
      "x" : -1.745356,
      "y" : 6.108746,
      "z" : 0.0
    }, {
      "x" : -1.745356,
      "y" : 5.236068,
      "z" : -0.872678
    }, {
      "x" : -0.872678,
      "y" : 5.236068,
      "z" : -1.745356
    } ],
    "faces" : [ {
      "vertices" : [ 0, 1, 2 ]
    }, {
      "vertices" : [ 0, 2, 3 ]
    }, {
      "vertices" : [ 0, 3, 4 ]
    }, {
      "vertices" : [ 0, 4, 5 ]
    }, {
      "vertices" : [ 0, 5, 4 ]
    }, {
      "vertices" : [ 0, 4, 3 ]
    }, {
      "vertices" : [ 0, 3, 2 ]
    }, {
      "vertices" : [ 0, 2, 1 ]
    } ]
  }, {
    "id" : "5e05257f-d725-4737-aa01-0af447b724c1",
    "vertices" : [ {
      "x" : 3.490712,
      "y" : 0.872678,
      "z" : -5.236068
    }, {
      "x" : 4.36339,
      "y" : 1.745356,
      "z" : -5.236068
    }, {
      "x" : 5.236068,
      "y" : 1.745356,
      "z" : -4.36339
    }, {
      "x" : 5.236068,
      "y" : 0.872678,
      "z" : -3.490712
    }, {
      "x" : 4.36339,
      "y" : 0.0,
      "z" : -3.490712
    }, {
      "x" : 3.490712,
      "y" : 0.0,
      "z" : -4.36339
    } ],
    "faces" : [ {
      "vertices" : [ 0, 1, 2 ]
    }, {
      "vertices" : [ 0, 2, 3 ]
    }, {
      "vertices" : [ 0, 3, 4 ]
    }, {
      "vertices" : [ 0, 4, 5 ]
    }, {
      "vertices" : [ 0, 5, 4 ]
    }, {
      "vertices" : [ 0, 4, 3 ]
    }, {
      "vertices" : [ 0, 3, 2 ]
    }, {
      "vertices" : [ 0, 2, 1 ]
    } ]
  }, {
    "id" : "9249833f-ef6c-4109-b54e-c6802605a121",
    "vertices" : [ {
      "x" : 5.236068,
      "y" : -4.36339,
      "z" : -1.745356
    }, {
      "x" : 5.236068,
      "y" : -3.490712,
      "z" : -0.872678
    }, {
      "x" : 4.36339,
      "y" : -3.490712,
      "z" : 0.0
    }, {
      "x" : 3.490712,
      "y" : -4.36339,
      "z" : 0.0
    }, {
      "x" : 3.490712,
      "y" : -5.236068,
      "z" : -0.872678
    }, {
      "x" : 4.36339,
      "y" : -5.236068,
      "z" : -1.745356
    } ],
    "faces" : [ {
      "vertices" : [ 0, 1, 2 ]
    }, {
      "vertices" : [ 0, 2, 3 ]
    }, {
      "vertices" : [ 0, 3, 4 ]
    }, {
      "vertices" : [ 0, 4, 5 ]
    }, {
      "vertices" : [ 0, 5, 4 ]
    }, {
      "vertices" : [ 0, 4, 3 ]
    }, {
      "vertices" : [ 0, 3, 2 ]
    }, {
      "vertices" : [ 0, 2, 1 ]
    } ]
  }, {
    "id" : "bbbaae86-2fd9-4e07-a765-a351b4124b76",
    "vertices" : [ {
      "x" : 5.236068,
      "y" : 0.872678,
      "z" : -12.217492
    }, {
      "x" : 5.236068,
      "y" : 1.745356,
      "z" : -11.344814
    }, {
      "x" : 4.36339,
      "y" : 1.745356,
      "z" : -10.472136
    }, {
      "x" : 3.490712,
      "y" : 0.872678,
      "z" : -10.472136
    }, {
      "x" : 3.490712,
      "y" : 0.0,
      "z" : -11.344814
    }, {
      "x" : 4.36339,
      "y" : 0.0,
      "z" : -12.217492
    } ],
    "faces" : [ {
      "vertices" : [ 0, 1, 2 ]
    }, {
      "vertices" : [ 0, 2, 3 ]
    }, {
      "vertices" : [ 0, 3, 4 ]
    }, {
      "vertices" : [ 0, 4, 5 ]
    }, {
      "vertices" : [ 0, 5, 4 ]
    }, {
      "vertices" : [ 0, 4, 3 ]
    }, {
      "vertices" : [ 0, 3, 2 ]
    }, {
      "vertices" : [ 0, 2, 1 ]
    } ]
  }, {
    "id" : "945f50ce-ed26-4099-a968-5d6980c8c8e1",
    "vertices" : [ {
      "x" : 0.0,
      "y" : 0.872678,
      "z" : -3.490712
    }, {
      "x" : 0.0,
      "y" : 1.745356,
      "z" : -4.36339
    }, {
      "x" : 0.872678,
      "y" : 1.745356,
      "z" : -5.236068
    }, {
      "x" : 1.745356,
      "y" : 0.872678,
      "z" : -5.236068
    }, {
      "x" : 1.745356,
      "y" : 0.0,
      "z" : -4.36339
    }, {
      "x" : 0.872678,
      "y" : 0.0,
      "z" : -3.490712
    } ],
    "faces" : [ {
      "vertices" : [ 0, 1, 2 ]
    }, {
      "vertices" : [ 0, 2, 3 ]
    }, {
      "vertices" : [ 0, 3, 4 ]
    }, {
      "vertices" : [ 0, 4, 5 ]
    }, {
      "vertices" : [ 0, 5, 4 ]
    }, {
      "vertices" : [ 0, 4, 3 ]
    }, {
      "vertices" : [ 0, 3, 2 ]
    }, {
      "vertices" : [ 0, 2, 1 ]
    } ]
  }, {
    "id" : "e7d0b3bb-5d0c-41a2-b3df-fc501deaa0cd",
    "vertices" : [ {
      "x" : -3.490712,
      "y" : 6.108746,
      "z" : 5.236068
    }, {
      "x" : -4.36339,
      "y" : 6.981424,
      "z" : 5.236068
    }, {
      "x" : -5.236068,
      "y" : 6.981424,
      "z" : 4.36339
    }, {
      "x" : -5.236068,
      "y" : 6.108746,
      "z" : 3.490712
    }, {
      "x" : -4.36339,
      "y" : 5.236068,
      "z" : 3.490712
    }, {
      "x" : -3.490712,
      "y" : 5.236068,
      "z" : 4.36339
    } ],
    "faces" : [ {
      "vertices" : [ 0, 1, 2 ]
    }, {
      "vertices" : [ 0, 2, 3 ]
    }, {
      "vertices" : [ 0, 3, 4 ]
    }, {
      "vertices" : [ 0, 4, 5 ]
    }, {
      "vertices" : [ 0, 5, 4 ]
    }, {
      "vertices" : [ 0, 4, 3 ]
    }, {
      "vertices" : [ 0, 3, 2 ]
    }, {
      "vertices" : [ 0, 2, 1 ]
    } ]
  }, {
    "id" : "7faf99f7-8c5e-4150-bd13-23c767d4ec00",
    "vertices" : [ {
      "x" : -5.236068,
      "y" : 11.344814,
      "z" : -1.745356
    }, {
      "x" : -4.36339,
      "y" : 10.472136,
      "z" : -1.745356
    }, {
      "x" : -5.236068,
      "y" : 9.599458,
      "z" : -1.745356
    }, {
      "x" : -6.108746,
      "y" : 10.472136,
      "z" : -1.745356
    } ],
    "faces" : [ {
      "vertices" : [ 0, 1, 2 ]
    }, {
      "vertices" : [ 0, 2, 3 ]
    }, {
      "vertices" : [ 0, 3, 2 ]
    }, {
      "vertices" : [ 0, 2, 1 ]
    } ]
  }, {
    "id" : "5b3dfb69-ab93-4ece-a334-74043d51e397",
    "vertices" : [ {
      "x" : 3.490712,
      "y" : 0.872678,
      "z" : -5.236068
    }, {
      "x" : 3.490712,
      "y" : 0.0,
      "z" : -6.108746
    }, {
      "x" : 3.490712,
      "y" : -0.872678,
      "z" : -5.236068
    }, {
      "x" : 3.490712,
      "y" : 0.0,
      "z" : -4.36339
    } ],
    "faces" : [ {
      "vertices" : [ 0, 1, 2 ]
    }, {
      "vertices" : [ 0, 2, 3 ]
    }, {
      "vertices" : [ 0, 3, 2 ]
    }, {
      "vertices" : [ 0, 2, 1 ]
    } ]
  }, {
    "id" : "a1c95581-f261-4c36-bfd3-9524093197de",
    "vertices" : [ {
      "x" : 0.0,
      "y" : 6.108746,
      "z" : -3.490712
    }, {
      "x" : 0.872678,
      "y" : 5.236068,
      "z" : -3.490712
    }, {
      "x" : 0.0,
      "y" : 4.36339,
      "z" : -3.490712
    }, {
      "x" : -0.872678,
      "y" : 5.236068,
      "z" : -3.490712
    } ],
    "faces" : [ {
      "vertices" : [ 0, 1, 2 ]
    }, {
      "vertices" : [ 0, 2, 3 ]
    }, {
      "vertices" : [ 0, 3, 2 ]
    }, {
      "vertices" : [ 0, 2, 1 ]
    } ]
  }, {
    "id" : "1f244a5d-0038-446e-bb47-9b93169fc4c5",
    "vertices" : [ {
      "x" : -6.981424,
      "y" : 4.36339,
      "z" : 0.0
    }, {
      "x" : -6.981424,
      "y" : 5.236068,
      "z" : 0.872678
    }, {
      "x" : -6.108746,
      "y" : 5.236068,
      "z" : 1.745356
    }, {
      "x" : -5.236068,
      "y" : 4.36339,
      "z" : 1.745356
    }, {
      "x" : -5.236068,
      "y" : 3.490712,
      "z" : 0.872678
    }, {
      "x" : -6.108746,
      "y" : 3.490712,
      "z" : 0.0
    } ],
    "faces" : [ {
      "vertices" : [ 0, 1, 2 ]
    }, {
      "vertices" : [ 0, 2, 3 ]
    }, {
      "vertices" : [ 0, 3, 4 ]
    }, {
      "vertices" : [ 0, 4, 5 ]
    }, {
      "vertices" : [ 0, 5, 4 ]
    }, {
      "vertices" : [ 0, 4, 3 ]
    }, {
      "vertices" : [ 0, 3, 2 ]
    }, {
      "vertices" : [ 0, 2, 1 ]
    } ]
  }, {
    "id" : "e1be2949-86c4-43bc-a1f2-da12640fa984",
    "vertices" : [ {
      "x" : 0.0,
      "y" : -6.981424,
      "z" : 0.872678
    }, {
      "x" : -0.872678,
      "y" : -6.981424,
      "z" : 0.0
    }, {
      "x" : 0.0,
      "y" : -6.981424,
      "z" : -0.872678
    }, {
      "x" : 0.872678,
      "y" : -6.981424,
      "z" : 0.0
    } ],
    "faces" : [ {
      "vertices" : [ 0, 1, 2 ]
    }, {
      "vertices" : [ 0, 2, 3 ]
    }, {
      "vertices" : [ 0, 3, 2 ]
    }, {
      "vertices" : [ 0, 2, 1 ]
    } ]
  }, {
    "id" : "92f32cec-d963-4014-908a-fbbb2b64f017",
    "vertices" : [ {
      "x" : 0.0,
      "y" : -3.490712,
      "z" : 6.108746
    }, {
      "x" : -0.872678,
      "y" : -3.490712,
      "z" : 5.236068
    }, {
      "x" : 0.0,
      "y" : -3.490712,
      "z" : 4.36339
    }, {
      "x" : 0.872678,
      "y" : -3.490712,
      "z" : 5.236068
    } ],
    "faces" : [ {
      "vertices" : [ 0, 1, 2 ]
    }, {
      "vertices" : [ 0, 2, 3 ]
    }, {
      "vertices" : [ 0, 3, 2 ]
    }, {
      "vertices" : [ 0, 2, 1 ]
    } ]
  }, {
    "id" : "de07f60b-835c-4114-bad3-136437353aeb",
    "vertices" : [ {
      "x" : -3.490712,
      "y" : 6.108746,
      "z" : 0.0
    }, {
      "x" : -4.36339,
      "y" : 6.981424,
      "z" : 0.0
    }, {
      "x" : -5.236068,
      "y" : 6.981424,
      "z" : -0.872678
    }, {
      "x" : -5.236068,
      "y" : 6.108746,
      "z" : -1.745356
    }, {
      "x" : -4.36339,
      "y" : 5.236068,
      "z" : -1.745356
    }, {
      "x" : -3.490712,
      "y" : 5.236068,
      "z" : -0.872678
    } ],
    "faces" : [ {
      "vertices" : [ 0, 1, 2 ]
    }, {
      "vertices" : [ 0, 2, 3 ]
    }, {
      "vertices" : [ 0, 3, 4 ]
    }, {
      "vertices" : [ 0, 4, 5 ]
    }, {
      "vertices" : [ 0, 5, 4 ]
    }, {
      "vertices" : [ 0, 4, 3 ]
    }, {
      "vertices" : [ 0, 3, 2 ]
    }, {
      "vertices" : [ 0, 2, 1 ]
    } ]
  }, {
    "id" : "5fee7e46-76e4-4431-a0de-c9aadff048c0",
    "vertices" : [ {
      "x" : 0.0,
      "y" : 6.108746,
      "z" : -1.745356
    }, {
      "x" : 0.872678,
      "y" : 5.236068,
      "z" : -1.745356
    }, {
      "x" : 0.0,
      "y" : 4.36339,
      "z" : -1.745356
    }, {
      "x" : -0.872678,
      "y" : 5.236068,
      "z" : -1.745356
    } ],
    "faces" : [ {
      "vertices" : [ 0, 1, 2 ]
    }, {
      "vertices" : [ 0, 2, 3 ]
    }, {
      "vertices" : [ 0, 3, 2 ]
    }, {
      "vertices" : [ 0, 2, 1 ]
    } ]
  }, {
    "id" : "7bd9c8a8-c10e-4720-998c-8bfd83d66d1e",
    "vertices" : [ {
      "x" : -1.745356,
      "y" : 0.872678,
      "z" : -5.236068
    }, {
      "x" : -1.745356,
      "y" : 0.0,
      "z" : -6.108746
    }, {
      "x" : -1.745356,
      "y" : -0.872678,
      "z" : -5.236068
    }, {
      "x" : -1.745356,
      "y" : 0.0,
      "z" : -4.36339
    } ],
    "faces" : [ {
      "vertices" : [ 0, 1, 2 ]
    }, {
      "vertices" : [ 0, 2, 3 ]
    }, {
      "vertices" : [ 0, 3, 2 ]
    }, {
      "vertices" : [ 0, 2, 1 ]
    } ]
  }, {
    "id" : "1e90c358-11bd-4f67-9da7-9c5ab62b1e01",
    "vertices" : [ {
      "x" : -5.236068,
      "y" : -0.872678,
      "z" : -1.745356
    }, {
      "x" : -6.108746,
      "y" : 0.0,
      "z" : -1.745356
    }, {
      "x" : -6.981424,
      "y" : 0.0,
      "z" : -0.872678
    }, {
      "x" : -6.981424,
      "y" : -0.872678,
      "z" : 0.0
    }, {
      "x" : -6.108746,
      "y" : -1.745356,
      "z" : 0.0
    }, {
      "x" : -5.236068,
      "y" : -1.745356,
      "z" : -0.872678
    } ],
    "faces" : [ {
      "vertices" : [ 0, 1, 2 ]
    }, {
      "vertices" : [ 0, 2, 3 ]
    }, {
      "vertices" : [ 0, 3, 4 ]
    }, {
      "vertices" : [ 0, 4, 5 ]
    }, {
      "vertices" : [ 0, 5, 4 ]
    }, {
      "vertices" : [ 0, 4, 3 ]
    }, {
      "vertices" : [ 0, 3, 2 ]
    }, {
      "vertices" : [ 0, 2, 1 ]
    } ]
  }, {
    "id" : "991ebb2d-0d6c-4a29-88b4-86c8b294c2fa",
    "vertices" : [ {
      "x" : 0.0,
      "y" : 0.872678,
      "z" : -3.490712
    }, {
      "x" : 0.872678,
      "y" : 0.0,
      "z" : -3.490712
    }, {
      "x" : 0.0,
      "y" : -0.872678,
      "z" : -3.490712
    }, {
      "x" : -0.872678,
      "y" : 0.0,
      "z" : -3.490712
    } ],
    "faces" : [ {
      "vertices" : [ 0, 1, 2 ]
    }, {
      "vertices" : [ 0, 2, 3 ]
    }, {
      "vertices" : [ 0, 3, 2 ]
    }, {
      "vertices" : [ 0, 2, 1 ]
    } ]
  }, {
    "id" : "8e7b0ccd-25d1-4e2e-af69-dd103dce22df",
    "vertices" : [ {
      "x" : 6.108746,
      "y" : 0.0,
      "z" : -3.490712
    }, {
      "x" : 6.981424,
      "y" : 0.0,
      "z" : -4.36339
    }, {
      "x" : 6.981424,
      "y" : -0.872678,
      "z" : -5.236068
    }, {
      "x" : 6.108746,
      "y" : -1.745356,
      "z" : -5.236068
    }, {
      "x" : 5.236068,
      "y" : -1.745356,
      "z" : -4.36339
    }, {
      "x" : 5.236068,
      "y" : -0.872678,
      "z" : -3.490712
    } ],
    "faces" : [ {
      "vertices" : [ 0, 1, 2 ]
    }, {
      "vertices" : [ 0, 2, 3 ]
    }, {
      "vertices" : [ 0, 3, 4 ]
    }, {
      "vertices" : [ 0, 4, 5 ]
    }, {
      "vertices" : [ 0, 5, 4 ]
    }, {
      "vertices" : [ 0, 4, 3 ]
    }, {
      "vertices" : [ 0, 3, 2 ]
    }, {
      "vertices" : [ 0, 2, 1 ]
    } ]
  }, {
    "id" : "dfd4edae-7828-4b1d-8e51-dea5db72d1ba",
    "vertices" : [ {
      "x" : 0.872678,
      "y" : -5.236068,
      "z" : 6.981424
    }, {
      "x" : 1.745356,
      "y" : -5.236068,
      "z" : 6.108746
    }, {
      "x" : 1.745356,
      "y" : -6.108746,
      "z" : 5.236068
    }, {
      "x" : 0.872678,
      "y" : -6.981424,
      "z" : 5.236068
    }, {
      "x" : 0.0,
      "y" : -6.981424,
      "z" : 6.108746
    }, {
      "x" : 0.0,
      "y" : -6.108746,
      "z" : 6.981424
    } ],
    "faces" : [ {
      "vertices" : [ 0, 1, 2 ]
    }, {
      "vertices" : [ 0, 2, 3 ]
    }, {
      "vertices" : [ 0, 3, 4 ]
    }, {
      "vertices" : [ 0, 4, 5 ]
    }, {
      "vertices" : [ 0, 5, 4 ]
    }, {
      "vertices" : [ 0, 4, 3 ]
    }, {
      "vertices" : [ 0, 3, 2 ]
    }, {
      "vertices" : [ 0, 2, 1 ]
    } ]
  }, {
    "id" : "9dbc9d91-9d69-414f-b61b-d7db4437b9a8",
    "vertices" : [ {
      "x" : 6.108746,
      "y" : -5.236068,
      "z" : 1.745356
    }, {
      "x" : 6.981424,
      "y" : -5.236068,
      "z" : 0.872678
    }, {
      "x" : 6.981424,
      "y" : -6.108746,
      "z" : 0.0
    }, {
      "x" : 6.108746,
      "y" : -6.981424,
      "z" : 0.0
    }, {
      "x" : 5.236068,
      "y" : -6.981424,
      "z" : 0.872678
    }, {
      "x" : 5.236068,
      "y" : -6.108746,
      "z" : 1.745356
    } ],
    "faces" : [ {
      "vertices" : [ 0, 1, 2 ]
    }, {
      "vertices" : [ 0, 2, 3 ]
    }, {
      "vertices" : [ 0, 3, 4 ]
    }, {
      "vertices" : [ 0, 4, 5 ]
    }, {
      "vertices" : [ 0, 5, 4 ]
    }, {
      "vertices" : [ 0, 4, 3 ]
    }, {
      "vertices" : [ 0, 3, 2 ]
    }, {
      "vertices" : [ 0, 2, 1 ]
    } ]
  }, {
    "id" : "6fc8f854-de18-45b6-ad77-f0c1e48d57cf",
    "vertices" : [ {
      "x" : -1.745356,
      "y" : -6.108746,
      "z" : 0.0
    }, {
      "x" : -1.745356,
      "y" : -5.236068,
      "z" : 0.872678
    }, {
      "x" : -0.872678,
      "y" : -5.236068,
      "z" : 1.745356
    }, {
      "x" : 0.0,
      "y" : -6.108746,
      "z" : 1.745356
    }, {
      "x" : 0.0,
      "y" : -6.981424,
      "z" : 0.872678
    }, {
      "x" : -0.872678,
      "y" : -6.981424,
      "z" : 0.0
    } ],
    "faces" : [ {
      "vertices" : [ 0, 1, 2 ]
    }, {
      "vertices" : [ 0, 2, 3 ]
    }, {
      "vertices" : [ 0, 3, 4 ]
    }, {
      "vertices" : [ 0, 4, 5 ]
    }, {
      "vertices" : [ 0, 5, 4 ]
    }, {
      "vertices" : [ 0, 4, 3 ]
    }, {
      "vertices" : [ 0, 3, 2 ]
    }, {
      "vertices" : [ 0, 2, 1 ]
    } ]
  }, {
    "id" : "5a12051c-c04e-40c2-a554-aedefe636318",
    "vertices" : [ {
      "x" : 0.0,
      "y" : 6.108746,
      "z" : 1.745356
    }, {
      "x" : 0.0,
      "y" : 6.981424,
      "z" : 0.872678
    }, {
      "x" : 0.872678,
      "y" : 6.981424,
      "z" : 0.0
    }, {
      "x" : 1.745356,
      "y" : 6.108746,
      "z" : 0.0
    }, {
      "x" : 1.745356,
      "y" : 5.236068,
      "z" : 0.872678
    }, {
      "x" : 0.872678,
      "y" : 5.236068,
      "z" : 1.745356
    } ],
    "faces" : [ {
      "vertices" : [ 0, 1, 2 ]
    }, {
      "vertices" : [ 0, 2, 3 ]
    }, {
      "vertices" : [ 0, 3, 4 ]
    }, {
      "vertices" : [ 0, 4, 5 ]
    }, {
      "vertices" : [ 0, 5, 4 ]
    }, {
      "vertices" : [ 0, 4, 3 ]
    }, {
      "vertices" : [ 0, 3, 2 ]
    }, {
      "vertices" : [ 0, 2, 1 ]
    } ]
  }, {
    "id" : "3d85e86e-6456-4edb-afd7-963f9259cb07",
    "vertices" : [ {
      "x" : -5.236068,
      "y" : 0.872678,
      "z" : -1.745356
    }, {
      "x" : -5.236068,
      "y" : 1.745356,
      "z" : -0.872678
    }, {
      "x" : -6.108746,
      "y" : 1.745356,
      "z" : 0.0
    }, {
      "x" : -6.981424,
      "y" : 0.872678,
      "z" : 0.0
    }, {
      "x" : -6.981424,
      "y" : 0.0,
      "z" : -0.872678
    }, {
      "x" : -6.108746,
      "y" : 0.0,
      "z" : -1.745356
    } ],
    "faces" : [ {
      "vertices" : [ 0, 1, 2 ]
    }, {
      "vertices" : [ 0, 2, 3 ]
    }, {
      "vertices" : [ 0, 3, 4 ]
    }, {
      "vertices" : [ 0, 4, 5 ]
    }, {
      "vertices" : [ 0, 5, 4 ]
    }, {
      "vertices" : [ 0, 4, 3 ]
    }, {
      "vertices" : [ 0, 3, 2 ]
    }, {
      "vertices" : [ 0, 2, 1 ]
    } ]
  }, {
    "id" : "8ca309e5-f96a-4776-bc42-406639fb7ab2",
    "vertices" : [ {
      "x" : 0.0,
      "y" : 4.36339,
      "z" : -12.217492
    }, {
      "x" : -0.872678,
      "y" : 5.236068,
      "z" : -12.217492
    }, {
      "x" : -1.745356,
      "y" : 5.236068,
      "z" : -11.344814
    }, {
      "x" : -1.745356,
      "y" : 4.36339,
      "z" : -10.472136
    }, {
      "x" : -0.872678,
      "y" : 3.490712,
      "z" : -10.472136
    }, {
      "x" : 0.0,
      "y" : 3.490712,
      "z" : -11.344814
    } ],
    "faces" : [ {
      "vertices" : [ 0, 1, 2 ]
    }, {
      "vertices" : [ 0, 2, 3 ]
    }, {
      "vertices" : [ 0, 3, 4 ]
    }, {
      "vertices" : [ 0, 4, 5 ]
    }, {
      "vertices" : [ 0, 5, 4 ]
    }, {
      "vertices" : [ 0, 4, 3 ]
    }, {
      "vertices" : [ 0, 3, 2 ]
    }, {
      "vertices" : [ 0, 2, 1 ]
    } ]
  }, {
    "id" : "0fc12d4d-2d40-4901-b583-37bb3a7a39f5",
    "vertices" : [ {
      "x" : 6.108746,
      "y" : 0.0,
      "z" : -8.72678
    }, {
      "x" : 6.981424,
      "y" : 0.0,
      "z" : -9.599458
    }, {
      "x" : 6.981424,
      "y" : -0.872678,
      "z" : -10.472136
    }, {
      "x" : 6.108746,
      "y" : -1.745356,
      "z" : -10.472136
    }, {
      "x" : 5.236068,
      "y" : -1.745356,
      "z" : -9.599458
    }, {
      "x" : 5.236068,
      "y" : -0.872678,
      "z" : -8.72678
    } ],
    "faces" : [ {
      "vertices" : [ 0, 1, 2 ]
    }, {
      "vertices" : [ 0, 2, 3 ]
    }, {
      "vertices" : [ 0, 3, 4 ]
    }, {
      "vertices" : [ 0, 4, 5 ]
    }, {
      "vertices" : [ 0, 5, 4 ]
    }, {
      "vertices" : [ 0, 4, 3 ]
    }, {
      "vertices" : [ 0, 3, 2 ]
    }, {
      "vertices" : [ 0, 2, 1 ]
    } ]
  }, {
    "id" : "8d78de92-a6c5-47af-b3aa-93622d8cda76",
    "vertices" : [ {
      "x" : -5.236068,
      "y" : 0.872678,
      "z" : 1.745356
    }, {
      "x" : -5.236068,
      "y" : 1.745356,
      "z" : 0.872678
    }, {
      "x" : -4.36339,
      "y" : 1.745356,
      "z" : 0.0
    }, {
      "x" : -3.490712,
      "y" : 0.872678,
      "z" : 0.0
    }, {
      "x" : -3.490712,
      "y" : 0.0,
      "z" : 0.872678
    }, {
      "x" : -4.36339,
      "y" : 0.0,
      "z" : 1.745356
    } ],
    "faces" : [ {
      "vertices" : [ 0, 1, 2 ]
    }, {
      "vertices" : [ 0, 2, 3 ]
    }, {
      "vertices" : [ 0, 3, 4 ]
    }, {
      "vertices" : [ 0, 4, 5 ]
    }, {
      "vertices" : [ 0, 5, 4 ]
    }, {
      "vertices" : [ 0, 4, 3 ]
    }, {
      "vertices" : [ 0, 3, 2 ]
    }, {
      "vertices" : [ 0, 2, 1 ]
    } ]
  }, {
    "id" : "95808871-ad94-4e60-bd6c-7893cd548caf",
    "vertices" : [ {
      "x" : 5.236068,
      "y" : -3.490712,
      "z" : -4.36339
    }, {
      "x" : 4.36339,
      "y" : -3.490712,
      "z" : -5.236068
    }, {
      "x" : 5.236068,
      "y" : -3.490712,
      "z" : -6.108746
    }, {
      "x" : 6.108746,
      "y" : -3.490712,
      "z" : -5.236068
    } ],
    "faces" : [ {
      "vertices" : [ 0, 1, 2 ]
    }, {
      "vertices" : [ 0, 2, 3 ]
    }, {
      "vertices" : [ 0, 3, 2 ]
    }, {
      "vertices" : [ 0, 2, 1 ]
    } ]
  }, {
    "id" : "3125ad78-8537-4ab2-b029-37c6d8f0c875",
    "vertices" : [ {
      "x" : -3.490712,
      "y" : 10.472136,
      "z" : -4.36339
    }, {
      "x" : -3.490712,
      "y" : 11.344814,
      "z" : -5.236068
    }, {
      "x" : -3.490712,
      "y" : 10.472136,
      "z" : -6.108746
    }, {
      "x" : -3.490712,
      "y" : 9.599458,
      "z" : -5.236068
    } ],
    "faces" : [ {
      "vertices" : [ 0, 1, 2 ]
    }, {
      "vertices" : [ 0, 2, 3 ]
    }, {
      "vertices" : [ 0, 3, 2 ]
    }, {
      "vertices" : [ 0, 2, 1 ]
    } ]
  }, {
    "id" : "815661bf-311b-402d-8026-119bc3b62147",
    "vertices" : [ {
      "x" : 6.981424,
      "y" : -9.599458,
      "z" : 0.0
    }, {
      "x" : 6.108746,
      "y" : -8.72678,
      "z" : 0.0
    }, {
      "x" : 5.236068,
      "y" : -8.72678,
      "z" : -0.872678
    }, {
      "x" : 5.236068,
      "y" : -9.599458,
      "z" : -1.745356
    }, {
      "x" : 6.108746,
      "y" : -10.472136,
      "z" : -1.745356
    }, {
      "x" : 6.981424,
      "y" : -10.472136,
      "z" : -0.872678
    } ],
    "faces" : [ {
      "vertices" : [ 0, 1, 2 ]
    }, {
      "vertices" : [ 0, 2, 3 ]
    }, {
      "vertices" : [ 0, 3, 4 ]
    }, {
      "vertices" : [ 0, 4, 5 ]
    }, {
      "vertices" : [ 0, 5, 4 ]
    }, {
      "vertices" : [ 0, 4, 3 ]
    }, {
      "vertices" : [ 0, 3, 2 ]
    }, {
      "vertices" : [ 0, 2, 1 ]
    } ]
  }, {
    "id" : "c8446f38-e006-4e24-b0ca-c8d999ea948f",
    "vertices" : [ {
      "x" : 5.236068,
      "y" : -12.217492,
      "z" : 6.108746
    }, {
      "x" : 4.36339,
      "y" : -12.217492,
      "z" : 5.236068
    }, {
      "x" : 5.236068,
