{
  "field" : "golden",
  "symmetry" : "icosahedral",
  "orientations" : [ [ 1.0, 0.0, 0.0, 0.0, 0.0, 1.0, 0.0, 0.0, 0.0, 0.0, 1.0, 0.0, 0.0, 0.0, 0.0, 1.0 ], [ 0.0, 0.0, 1.0, 0.0, 1.0, 0.0, 0.0, 0.0, 0.0, 1.0, 0.0, 0.0, 0.0, 0.0, 0.0, 1.0 ], [ 0.0, 1.0, 0.0, 0.0, 0.0, 0.0, 1.0, 0.0, 1.0, 0.0, 0.0, 0.0, 0.0, 0.0, 0.0, 1.0 ], [ 0.809017, 0.309017, 0.5, 0.0, 0.309017, 0.5, -0.809017, 0.0, -0.5, 0.809017, 0.309017, 0.0, 0.0, 0.0, 0.0, 1.0 ], [ -0.5, 0.809017, 0.309017, 0.0, 0.809017, 0.309017, 0.5, 0.0, 0.309017, 0.5, -0.809017, 0.0, 0.0, 0.0, 0.0, 1.0 ], [ 0.309017, 0.5, -0.809017, 0.0, -0.5, 0.809017, 0.309017, 0.0, 0.809017, 0.309017, 0.5, 0.0, 0.0, 0.0, 0.0, 1.0 ], [ 0.5, 0.809017, 0.309017, 0.0, 0.809017, -0.309017, -0.5, 0.0, -0.309017, 0.5, -0.809017, 0.0, 0.0, 0.0, 0.0, 1.0 ], [ -0.309017, 0.5, -0.809017, 0.0, 0.5, 0.809017, 0.309017, 0.0, 0.809017, -0.309017, -0.5, 0.0, 0.0, 0.0, 0.0, 1.0 ], [ 0.809017, -0.309017, -0.5, 0.0, -0.309017, 0.5, -0.809017, 0.0, 0.5, 0.809017, 0.309017, 0.0, 0.0, 0.0, 0.0, 1.0 ], [ 0.5, 0.809017, -0.309017, 0.0, 0.809017, -0.309017, 0.5, 0.0, 0.309017, -0.5, -0.809017, 0.0, 0.0, 0.0, 0.0, 1.0 ], [ 0.309017, -0.5, -0.809017, 0.0, 0.5, 0.809017, -0.309017, 0.0, 0.809017, -0.309017, 0.5, 0.0, 0.0, 0.0, 0.0, 1.0 ], [ 0.809017, -0.309017, 0.5, 0.0, 0.309017, -0.5, -0.809017, 0.0, 0.5, 0.809017, -0.309017, 0.0, 0.0, 0.0, 0.0, 1.0 ], [ 0.809017, 0.309017, -0.5, 0.0, 0.309017, 0.5, 0.809017, 0.0, 0.5, -0.809017, 0.309017, 0.0, 0.0, 0.0, 0.0, 1.0 ], [ 0.5, -0.809017, 0.309017, 0.0, 0.809017, 0.309017, -0.5, 0.0, 0.309017, 0.5, 0.809017, 0.0, 0.0, 0.0, 0.0, 1.0 ], [ 0.309017, 0.5, 0.809017, 0.0, 0.5, -0.809017, 0.309017, 0.0, 0.809017, 0.309017, -0.5, 0.0, 0.0, 0.0, 0.0, 1.0 ], [ 1.0, 0.0, 0.0, 0.0, 0.0, -1.0, 0.0, 0.0, 0.0, 0.0, -1.0, 0.0, 0.0, 0.0, 0.0, 1.0 ], [ 0.0, 0.0, 1.0, 0.0, -1.0, 0.0, 0.0, 0.0, 0.0, -1.0, 0.0, 0.0, 0.0, 0.0, 0.0, 1.0 ], [ 0.0, 1.0, 0.0, 0.0, 0.0, 0.0, -1.0, 0.0, -1.0, 0.0, 0.0, 0.0, 0.0, 0.0, 0.0, 1.0 ], [ 0.809017, 0.309017, 0.5, 0.0, -0.309017, -0.5, 0.809017, 0.0, 0.5, -0.809017, -0.309017, 0.0, 0.0, 0.0, 0.0, 1.0 ], [ -0.5, 0.809017, 0.309017, 0.0, -0.809017, -0.309017, -0.5, 0.0, -0.309017, -0.5, 0.809017, 0.0, 0.0, 0.0, 0.0, 1.0 ], [ 0.309017, 0.5, -0.809017, 0.0, 0.5, -0.809017, -0.309017, 0.0, -0.809017, -0.309017, -0.5, 0.0, 0.0, 0.0, 0.0, 1.0 ], [ 0.5, 0.809017, 0.309017, 0.0, -0.809017, 0.309017, 0.5, 0.0, 0.309017, -0.5, 0.809017, 0.0, 0.0, 0.0, 0.0, 1.0 ], [ -0.309017, 0.5, -0.809017, 0.0, -0.5, -0.809017, -0.309017, 0.0, -0.809017, 0.309017, 0.5, 0.0, 0.0, 0.0, 0.0, 1.0 ], [ 0.809017, -0.309017, -0.5, 0.0, 0.309017, -0.5, 0.809017, 0.0, -0.5, -0.809017, -0.309017, 0.0, 0.0, 0.0, 0.0, 1.0 ], [ 0.5, 0.809017, -0.309017, 0.0, -0.809017, 0.309017, -0.5, 0.0, -0.309017, 0.5, 0.809017, 0.0, 0.0, 0.0, 0.0, 1.0 ], [ 0.309017, -0.5, -0.809017, 0.0, -0.5, -0.809017, 0.309017, 0.0, -0.809017, 0.309017, -0.5, 0.0, 0.0, 0.0, 0.0, 1.0 ], [ 0.809017, -0.309017, 0.5, 0.0, -0.309017, 0.5, 0.809017, 0.0, -0.5, -0.809017, 0.309017, 0.0, 0.0, 0.0, 0.0, 1.0 ], [ 0.809017, 0.309017, -0.5, 0.0, -0.309017, -0.5, -0.809017, 0.0, -0.5, 0.809017, -0.309017, 0.0, 0.0, 0.0, 0.0, 1.0 ], [ 0.5, -0.809017, 0.309017, 0.0, -0.809017, -0.309017, 0.5, 0.0, -0.309017, -0.5, -0.809017, 0.0, 0.0, 0.0, 0.0, 1.0 ], [ 0.309017, 0.5, 0.809017, 0.0, -0.5, 0.809017, -0.309017, 0.0, -0.809017, -0.309017, 0.5, 0.0, 0.0, 0.0, 0.0, 1.0 ], [ -1.0, 0.0, 0.0, 0.0, 0.0, -1.0, 0.0, 0.0, 0.0, 0.0, 1.0, 0.0, 0.0, 0.0, 0.0, 1.0 ], [ 0.0, 0.0, -1.0, 0.0, -1.0, 0.0, 0.0, 0.0, 0.0, 1.0, 0.0, 0.0, 0.0, 0.0, 0.0, 1.0 ], [ 0.0, -1.0, 0.0, 0.0, 0.0, 0.0, -1.0, 0.0, 1.0, 0.0, 0.0, 0.0, 0.0, 0.0, 0.0, 1.0 ], [ -0.809017, -0.309017, -0.5, 0.0, -0.309017, -0.5, 0.809017, 0.0, -0.5, 0.809017, 0.309017, 0.0, 0.0, 0.0, 0.0, 1.0 ], [ 0.5, -0.809017, -0.309017, 0.0, -0.809017, -0.309017, -0.5, 0.0, 0.309017, 0.5, -0.809017, 0.0, 0.0, 0.0, 0.0, 1.0 ], [ -0.309017, -0.5, 0.809017, 0.0, 0.5, -0.809017, -0.309017, 0.0, 0.809017, 0.309017, 0.5, 0.0, 0.0, 0.0, 0.0, 1.0 ], [ -0.5, -0.809017, -0.309017, 0.0, -0.809017, 0.309017, 0.5, 0.0, -0.309017, 0.5, -0.809017, 0.0, 0.0, 0.0, 0.0, 1.0 ], [ 0.309017, -0.5, 0.809017, 0.0, -0.5, -0.809017, -0.309017, 0.0, 0.809017, -0.309017, -0.5, 0.0, 0.0, 0.0, 0.0, 1.0 ], [ -0.809017, 0.309017, 0.5, 0.0, 0.309017, -0.5, 0.809017, 0.0, 0.5, 0.809017, 0.309017, 0.0, 0.0, 0.0, 0.0, 1.0 ], [ -0.5, -0.809017, 0.309017, 0.0, -0.809017, 0.309017, -0.5, 0.0, 0.309017, -0.5, -0.809017, 0.0, 0.0, 0.0, 0.0, 1.0 ], [ -0.309017, 0.5, 0.809017, 0.0, -0.5, -0.809017, 0.309017, 0.0, 0.809017, -0.309017, 0.5, 0.0, 0.0, 0.0, 0.0, 1.0 ], [ -0.809017, 0.309017, -0.5, 0.0, -0.309017, 0.5, 0.809017, 0.0, 0.5, 0.809017, -0.309017, 0.0, 0.0, 0.0, 0.0, 1.0 ], [ -0.809017, -0.309017, 0.5, 0.0, -0.309017, -0.5, -0.809017, 0.0, 0.5, -0.809017, 0.309017, 0.0, 0.0, 0.0, 0.0, 1.0 ], [ -0.5, 0.809017, -0.309017, 0.0, -0.809017, -0.309017, 0.5, 0.0, 0.309017, 0.5, 0.809017, 0.0, 0.0, 0.0, 0.0, 1.0 ], [ -0.309017, -0.5, -0.809017, 0.0, -0.5, 0.809017, -0.309017, 0.0, 0.809017, 0.309017, -0.5, 0.0, 0.0, 0.0, 0.0, 1.0 ], [ -1.0, 0.0, 0.0, 0.0, 0.0, 1.0, 0.0, 0.0, 0.0, 0.0, -1.0, 0.0, 0.0, 0.0, 0.0, 1.0 ], [ 0.0, 0.0, -1.0, 0.0, 1.0, 0.0, 0.0, 0.0, 0.0, -1.0, 0.0, 0.0, 0.0, 0.0, 0.0, 1.0 ], [ 0.0, -1.0, 0.0, 0.0, 0.0, 0.0, 1.0, 0.0, -1.0, 0.0, 0.0, 0.0, 0.0, 0.0, 0.0, 1.0 ], [ -0.809017, -0.309017, -0.5, 0.0, 0.309017, 0.5, -0.809017, 0.0, 0.5, -0.809017, -0.309017, 0.0, 0.0, 0.0, 0.0, 1.0 ], [ 0.5, -0.809017, -0.309017, 0.0, 0.809017, 0.309017, 0.5, 0.0, -0.309017, -0.5, 0.809017, 0.0, 0.0, 0.0, 0.0, 1.0 ], [ -0.309017, -0.5, 0.809017, 0.0, -0.5, 0.809017, 0.309017, 0.0, -0.809017, -0.309017, -0.5, 0.0, 0.0, 0.0, 0.0, 1.0 ], [ -0.5, -0.809017, -0.309017, 0.0, 0.809017, -0.309017, -0.5, 0.0, 0.309017, -0.5, 0.809017, 0.0, 0.0, 0.0, 0.0, 1.0 ], [ 0.309017, -0.5, 0.809017, 0.0, 0.5, 0.809017, 0.309017, 0.0, -0.809017, 0.309017, 0.5, 0.0, 0.0, 0.0, 0.0, 1.0 ], [ -0.809017, 0.309017, 0.5, 0.0, -0.309017, 0.5, -0.809017, 0.0, -0.5, -0.809017, -0.309017, 0.0, 0.0, 0.0, 0.0, 1.0 ], [ -0.5, -0.809017, 0.309017, 0.0, 0.809017, -0.309017, 0.5, 0.0, -0.309017, 0.5, 0.809017, 0.0, 0.0, 0.0, 0.0, 1.0 ], [ -0.309017, 0.5, 0.809017, 0.0, 0.5, 0.809017, -0.309017, 0.0, -0.809017, 0.309017, -0.5, 0.0, 0.0, 0.0, 0.0, 1.0 ], [ -0.809017, 0.309017, -0.5, 0.0, 0.309017, -0.5, -0.809017, 0.0, -0.5, -0.809017, 0.309017, 0.0, 0.0, 0.0, 0.0, 1.0 ], [ -0.809017, -0.309017, 0.5, 0.0, 0.309017, 0.5, 0.809017, 0.0, -0.5, 0.809017, -0.309017, 0.0, 0.0, 0.0, 0.0, 1.0 ], [ -0.5, 0.809017, -0.309017, 0.0, 0.809017, 0.309017, -0.5, 0.0, -0.309017, -0.5, -0.809017, 0.0, 0.0, 0.0, 0.0, 1.0 ], [ -0.309017, -0.5, -0.809017, 0.0, 0.5, -0.809017, 0.309017, 0.0, -0.809017, -0.309017, 0.5, 0.0, 0.0, 0.0, 0.0, 1.0 ] ],
  "lights" : {
    "ambientColor" : "#292929",
    "backgroundColor" : "#7F7F7F",
    "directionalLights" : [ {
      "direction" : {
        "x" : 1.0,
        "y" : -1.0,
        "z" : -1.0
      },
      "color" : "#EBEBE4"
    }, {
      "direction" : {
        "x" : -1.0,
        "y" : 0.0,
        "z" : 0.0
      },
      "color" : "#E4E4EB"
    }, {
      "direction" : {
        "x" : 0.0,
        "y" : 0.0,
        "z" : -1.0
      },
      "color" : "#1E1E1E"
    } ]
  },
  "camera" : {
    "viewDistance" : 108.73127,
    "nearClipDistance" : 0.27182838,
    "farClipDistance" : 217.46294,
    "lookAtPoint" : {
      "x" : 0.0,
      "y" : 0.0,
      "z" : 0.0
    },
    "fieldOfView" : 0.4426296,
    "perspective" : false,
    "lookDirection" : {
      "x" : -0.57735026,
      "y" : -0.57735026,
      "z" : -0.57735026
    },
    "upDirection" : {
      "x" : -0.218508,
      "y" : 0.7905694,
      "z" : -0.5720614
    },
    "stereo" : false,
    "width" : 48.929153,
    "position" : {
      "x" : 62.776028,
      "y" : 62.776028,
      "z" : 62.776028
    }
  },
  "embedding" : [ 1.0, 0.0, 0.0, 0.0, 0.0, 1.0, 0.0, 0.0, 0.0, 0.0, 1.0, 0.0, 0.0, 0.0, 0.0, 1.0 ],
  "shapes" : [ {
    "id" : "7fb850ca-31c0-49ee-9b0d-a660542174be",
    "vertices" : [ {
      "x" : -4.36339,
      "y" : 10.472136,
      "z" : 1.745356
    }, {
      "x" : -3.490712,
      "y" : 10.472136,
      "z" : 0.872678
    }, {
      "x" : -3.490712,
      "y" : 9.599458,
      "z" : 0.0
    }, {
      "x" : -4.36339,
      "y" : 8.72678,
      "z" : 0.0
    }, {
      "x" : -5.236068,
      "y" : 8.72678,
      "z" : 0.872678
    }, {
      "x" : -5.236068,
      "y" : 9.599458,
      "z" : 1.745356
    } ],
    "faces" : [ {
      "vertices" : [ 0, 1, 2 ]
    }, {
      "vertices" : [ 0, 2, 3 ]
    }, {
      "vertices" : [ 0, 3, 4 ]
    }, {
      "vertices" : [ 0, 4, 5 ]
    }, {
      "vertices" : [ 0, 5, 4 ]
    }, {
      "vertices" : [ 0, 4, 3 ]
    }, {
      "vertices" : [ 0, 3, 2 ]
    }, {
      "vertices" : [ 0, 2, 1 ]
    } ]
  }, {
    "id" : "246b802e-ea7a-43e4-b060-f69a206cdace",
    "vertices" : [ {
      "x" : 4.236068,
      "y" : 0.309017,
      "z" : 0.19098301
    }, {
      "x" : 4.236068,
      "y" : 0.309017,
      "z" : -0.19098301
    }, {
      "x" : 1.0,
      "y" : 0.309017,
      "z" : -0.19098301
    }, {
      "x" : 1.0,
      "y" : 0.309017,
      "z" : 0.19098301
    }, {
      "x" : 4.236068,
      "y" : -0.309017,
      "z" : 0.19098301
    }, {
      "x" : 1.0,
      "y" : -0.309017,
      "z" : 0.19098301
    }, {
      "x" : 1.0,
      "y" : -0.309017,
      "z" : -0.19098301
    }, {
      "x" : 4.236068,
      "y" : -0.309017,
      "z" : -0.19098301
    }, {
      "x" : 5.236068,
      "y" : 0.0,
      "z" : 0.0
    } ],
    "faces" : [ {
      "vertices" : [ 1, 7, 6 ]
    }, {
      "vertices" : [ 1, 6, 2 ]
    }, {
      "vertices" : [ 0, 1, 2 ]
    }, {
      "vertices" : [ 0, 2, 3 ]
    }, {
      "vertices" : [ 4, 5, 6 ]
    }, {
      "vertices" : [ 4, 6, 7 ]
    }, {
      "vertices" : [ 0, 3, 5 ]
    }, {
      "vertices" : [ 0, 5, 4 ]
    } ]
  }, {
    "id" : "173f3301-65b6-4bee-9c43-97664fb482f9",
    "vertices" : [ {
      "x" : 5.236068,
      "y" : 0.872678,
      "z" : -12.217492
    }, {
      "x" : 6.108746,
      "y" : 0.0,
      "z" : -12.217492
    }, {
      "x" : 5.236068,
      "y" : -0.872678,
      "z" : -12.217492
    }, {
      "x" : 4.36339,
      "y" : 0.0,
      "z" : -12.217492
    } ],
    "faces" : [ {
      "vertices" : [ 0, 1, 2 ]
    }, {
      "vertices" : [ 0, 2, 3 ]
    }, {
      "vertices" : [ 0, 3, 2 ]
    }, {
      "vertices" : [ 0, 2, 1 ]
    } ]
  }, {
    "id" : "22b528ff-c47a-4d4b-86c6-50436798a279",
    "vertices" : [ {
      "x" : 0.309017,
      "y" : -0.809017,
      "z" : 0.618034
    }, {
      "x" : 0.809017,
      "y" : -0.618034,
      "z" : 0.309017
    }, {
      "x" : 0.618034,
      "y" : -0.309017,
      "z" : 0.809017
    }, {
      "x" : 1.0,
      "y" : 0.309017,
      "z" : 0.19098301
    }, {
      "x" : 0.809017,
      "y" : 0.618034,
      "z" : 0.309017
    }, {
      "x" : 0.618034,
      "y" : 0.309017,
      "z" : 0.809017
    }, {
      "x" : 0.809017,
      "y" : 0.0,
      "z" : 0.690983
    }, {
      "x" : 0.19098301,
      "y" : -1.0,
      "z" : 0.309017
    }, {
      "x" : -0.19098301,
      "y" : -1.0,
      "z" : 0.309017
    }, {
      "x" : -0.19098301,
      "y" : -1.0,
      "z" : -0.309017
    }, {
      "x" : 0.19098301,
      "y" : -1.0,
      "z" : -0.309017
    }, {
      "x" : 1.0,
      "y" : -0.309017,
      "z" : -0.19098301
    }, {
      "x" : 0.809017,
      "y" : -0.618034,
      "z" : -0.309017
    }, {
      "x" : 0.618034,
      "y" : -0.309017,
      "z" : -0.809017
    }, {
      "x" : 0.809017,
      "y" : 0.0,
      "z" : -0.690983
    }, {
      "x" : 0.0,
      "y" : 0.690983,
      "z" : -0.809017
    }, {
      "x" : 0.309017,
      "y" : 0.809017,
      "z" : -0.618034
    }, {
      "x" : 0.618034,
      "y" : 0.309017,
      "z" : -0.809017
    }, {
      "x" : 0.309017,
      "y" : 0.19098301,
      "z" : -1.0
    }, {
      "x" : 1.0,
      "y" : 0.309017,
      "z" : -0.19098301
    }, {
      "x" : -0.309017,
      "y" : -0.809017,
      "z" : 0.618034
    }, {
      "x" : 0.0,
      "y" : -0.690983,
      "z" : 0.809017
    }, {
      "x" : 0.809017,
      "y" : 0.618034,
      "z" : -0.309017
    }, {
      "x" : 0.690983,
      "y" : 0.809017,
      "z" : 0.0
    }, {
      "x" : -0.690983,
      "y" : 0.809017,
      "z" : 0.0
    }, {
      "x" : -0.809017,
      "y" : 0.618034,
      "z" : 0.309017
    }, {
      "x" : -0.309017,
      "y" : 0.809017,
      "z" : 0.618034
    }, {
      "x" : -0.19098301,
      "y" : 1.0,
      "z" : 0.309017
    }, {
      "x" : 0.309017,
      "y" : -0.19098301,
      "z" : -1.0
    }, {
      "x" : 0.19098301,
      "y" : 1.0,
      "z" : 0.309017
    }, {
      "x" : 0.309017,
      "y" : 0.809017,
      "z" : 0.618034
    }, {
      "x" : -0.809017,
      "y" : -0.618034,
      "z" : 0.309017
    }, {
      "x" : -0.690983,
      "y" : -0.809017,
      "z" : 0.0
    }, {
      "x" : 0.0,
      "y" : 0.690983,
      "z" : 0.809017
    }, {
      "x" : 0.309017,
      "y" : -0.809017,
      "z" : -0.618034
    }, {
      "x" : 0.0,
      "y" : -0.690983,
      "z" : -0.809017
    }, {
      "x" : -1.0,
      "y" : 0.309017,
      "z" : 0.19098301
    }, {
      "x" : -0.809017,
      "y" : 0.0,
      "z" : 0.690983
    }, {
      "x" : -0.618034,
      "y" : 0.309017,
      "z" : 0.809017
    }, {
      "x" : 1.0,
      "y" : -0.309017,
      "z" : 0.19098301
    }, {
      "x" : -0.309017,
      "y" : -0.809017,
      "z" : -0.618034
    }, {
      "x" : -1.0,
      "y" : 0.309017,
      "z" : -0.19098301
    }, {
      "x" : -1.0,
      "y" : -0.309017,
      "z" : -0.19098301
    }, {
      "x" : -1.0,
      "y" : -0.309017,
      "z" : 0.19098301
    }, {
      "x" : 0.19098301,
      "y" : 1.0,
      "z" : -0.309017
    }, {
      "x" : -0.809017,
      "y" : 0.618034,
      "z" : -0.309017
    }, {
      "x" : -0.19098301,
      "y" : 1.0,
      "z" : -0.309017
    }, {
      "x" : -0.309017,
      "y" : 0.809017,
      "z" : -0.618034
    }, {
      "x" : -0.618034,
      "y" : -0.309017,
      "z" : 0.809017
    }, {
      "x" : 0.309017,
      "y" : 0.19098301,
      "z" : 1.0
    }, {
      "x" : -0.309017,
      "y" : 0.19098301,
      "z" : -1.0
    }, {
      "x" : -0.309017,
      "y" : 0.19098301,
      "z" : 1.0
    }, {
      "x" : -0.309017,
      "y" : -0.19098301,
      "z" : 1.0
    }, {
      "x" : 0.309017,
      "y" : -0.19098301,
      "z" : 1.0
    }, {
      "x" : 0.690983,
      "y" : -0.809017,
      "z" : 0.0
    }, {
      "x" : -0.809017,
      "y" : 0.0,
      "z" : -0.690983
    }, {
      "x" : -0.618034,
      "y" : -0.309017,
      "z" : -0.809017
    }, {
      "x" : -0.309017,
      "y" : -0.19098301,
      "z" : -1.0
    }, {
      "x" : -0.618034,
      "y" : 0.309017,
      "z" : -0.809017
    }, {
      "x" : -0.809017,
      "y" : -0.618034,
      "z" : -0.309017
    } ],
    "faces" : [ {
      "vertices" : [ 9, 40, 35 ]
    }, {
      "vertices" : [ 9, 35, 34 ]
    }, {
      "vertices" : [ 9, 34, 10 ]
    }, {
      "vertices" : [ 0, 1, 2 ]
    }, {
      "vertices" : [ 33, 51, 49 ]
    }, {
      "vertices" : [ 25, 36, 37 ]
    }, {
      "vertices" : [ 25, 37, 38 ]
    }, {
      "vertices" : [ 41, 55, 42 ]
    }, {
      "vertices" : [ 9, 32, 59 ]
    }, {
      "vertices" : [ 9, 59, 40 ]
    }, {
      "vertices" : [ 20, 21, 52 ]
    }, {
      "vertices" : [ 20, 52, 48 ]
    }, {
      "vertices" : [ 26, 33, 30 ]
    }, {
      "vertices" : [ 26, 30, 29 ]
    }, {
      "vertices" : [ 26, 29, 27 ]
    }, {
      "vertices" : [ 3, 4, 5 ]
    }, {
      "vertices" : [ 3, 5, 6 ]
    }, {
      "vertices" : [ 27, 29, 44 ]
    }, {
      "vertices" : [ 27, 44, 46 ]
    }, {
      "vertices" : [ 50, 57, 56 ]
    }, {
      "vertices" : [ 50, 56, 55 ]
    }, {
      "vertices" : [ 50, 55, 58 ]
    }, {
      "vertices" : [ 26, 38, 51 ]
    }, {
      "vertices" : [ 26, 51, 33 ]
    }, {
      "vertices" : [ 45, 47, 58 ]
    }, {
      "vertices" : [ 18, 28, 57 ]
    }, {
      "vertices" : [ 18, 57, 50 ]
    }, {
      "vertices" : [ 40, 59, 56 ]
    }, {
      "vertices" : [ 31, 48, 37 ]
    }, {
      "vertices" : [ 31, 37, 43 ]
    }, {
      "vertices" : [ 7, 8, 9 ]
    }, {
      "vertices" : [ 7, 9, 10 ]
    }, {
      "vertices" : [ 36, 41, 42 ]
    }, {
      "vertices" : [ 36, 42, 43 ]
    }, {
      "vertices" : [ 24, 46, 47 ]
    }, {
      "vertices" : [ 24, 47, 45 ]
    }, {
      "vertices" : [ 4, 30, 5 ]
    }, {
      "vertices" : [ 15, 47, 46 ]
    }, {
      "vertices" : [ 15, 46, 44 ]
    }, {
      "vertices" : [ 15, 44, 16 ]
    }, {
      "vertices" : [ 15, 50, 58 ]
    }, {
      "vertices" : [ 15, 58, 47 ]
    }, {
      "vertices" : [ 24, 45, 41 ]
    }, {
      "vertices" : [ 24, 41, 36 ]
    }, {
      "vertices" : [ 24, 36, 25 ]
    }, {
      "vertices" : [ 11, 14, 19 ]
    }, {
      "vertices" : [ 3, 6, 39 ]
    }, {
      "vertices" : [ 1, 39, 6 ]
    }, {
      "vertices" : [ 1, 6, 2 ]
    }, {
      "vertices" : [ 8, 32, 9 ]
    }, {
      "vertices" : [ 11, 12, 13 ]
    }, {
      "vertices" : [ 11, 13, 14 ]
    }, {
      "vertices" : [ 16, 22, 17 ]
    }, {
      "vertices" : [ 0, 21, 20 ]
    }, {
      "vertices" : [ 0, 20, 8 ]
    }, {
      "vertices" : [ 0, 8, 7 ]
    }, {
      "vertices" : [ 12, 34, 13 ]
    }, {
      "vertices" : [ 35, 40, 56 ]
    }, {
      "vertices" : [ 35, 56, 57 ]
    }, {
      "vertices" : [ 0, 7, 54 ]
    }, {
      "vertices" : [ 0, 54, 1 ]
    }, {
      "vertices" : [ 15, 16, 17 ]
    }, {
      "vertices" : [ 15, 17, 18 ]
    }, {
      "vertices" : [ 3, 19, 22 ]
    }, {
      "vertices" : [ 3, 22, 23 ]
    }, {
      "vertices" : [ 3, 23, 4 ]
    }, {
      "vertices" : [ 7, 10, 54 ]
    }, {
      "vertices" : [ 41, 45, 58 ]
    }, {
      "vertices" : [ 41, 58, 55 ]
    }, {
      "vertices" : [ 3, 39, 11 ]
    }, {
      "vertices" : [ 3, 11, 19 ]
    }, {
      "vertices" : [ 14, 17, 22 ]
    }, {
      "vertices" : [ 14, 22, 19 ]
    }, {
      "vertices" : [ 0, 2, 53 ]
    }, {
      "vertices" : [ 0, 53, 21 ]
    }, {
      "vertices" : [ 49, 51, 52 ]
    }, {
      "vertices" : [ 49, 52, 53 ]
    }, {
      "vertices" : [ 31, 43, 42 ]
    }, {
      "vertices" : [ 31, 42, 59 ]
    }, {
      "vertices" : [ 31, 59, 32 ]
    }, {
      "vertices" : [ 15, 18, 50 ]
    }, {
      "vertices" : [ 42, 55, 56 ]
    }, {
      "vertices" : [ 42, 56, 59 ]
    }, {
      "vertices" : [ 4, 23, 29 ]
    }, {
      "vertices" : [ 4, 29, 30 ]
    }, {
      "vertices" : [ 25, 38, 26 ]
    }, {
      "vertices" : [ 13, 28, 18 ]
    }, {
      "vertices" : [ 13, 18, 17 ]
    }, {
      "vertices" : [ 13, 17, 14 ]
    }, {
      "vertices" : [ 8, 20, 31 ]
    }, {
      "vertices" : [ 8, 31, 32 ]
    }, {
      "vertices" : [ 23, 44, 29 ]
    }, {
      "vertices" : [ 24, 27, 46 ]
    }, {
      "vertices" : [ 37, 48, 52 ]
    }, {
      "vertices" : [ 37, 52, 51 ]
    }, {
      "vertices" : [ 37, 51, 38 ]
    }, {
      "vertices" : [ 20, 48, 31 ]
    }, {
      "vertices" : [ 24, 25, 26 ]
    }, {
      "vertices" : [ 24, 26, 27 ]
    }, {
      "vertices" : [ 16, 44, 23 ]
    }, {
      "vertices" : [ 16, 23, 22 ]
    }, {
      "vertices" : [ 13, 34, 35 ]
    }, {
      "vertices" : [ 13, 35, 28 ]
    }, {
      "vertices" : [ 10, 34, 12 ]
    }, {
      "vertices" : [ 10, 12, 54 ]
    }, {
      "vertices" : [ 2, 6, 5 ]
    }, {
      "vertices" : [ 2, 5, 49 ]
    }, {
      "vertices" : [ 2, 49, 53 ]
    }, {
      "vertices" : [ 36, 43, 37 ]
    }, {
      "vertices" : [ 5, 30, 33 ]
    }, {
      "vertices" : [ 5, 33, 49 ]
    }, {
      "vertices" : [ 1, 54, 12 ]
    }, {
      "vertices" : [ 1, 12, 11 ]
    }, {
      "vertices" : [ 1, 11, 39 ]
    }, {
      "vertices" : [ 28, 35, 57 ]
    }, {
      "vertices" : [ 21, 53, 52 ]
    } ]
  }, {
    "id" : "e0862a1b-9deb-4b13-bbdc-703c7263e383",
    "vertices" : [ {
      "x" : 0.0,
      "y" : -6.981424,
      "z" : 11.344814
    }, {
      "x" : -0.872678,
      "y" : -6.981424,
      "z" : 10.472136
    }, {
      "x" : 0.0,
      "y" : -6.981424,
      "z" : 9.599458
    }, {
      "x" : 0.872678,
      "y" : -6.981424,
      "z" : 10.472136
    } ],
    "faces" : [ {
      "vertices" : [ 0, 1, 2 ]
    }, {
      "vertices" : [ 0, 2, 3 ]
    }, {
      "vertices" : [ 0, 3, 2 ]
    }, {
      "vertices" : [ 0, 2, 1 ]
    } ]
  }, {
    "id" : "0cc91600-d87d-40b5-82bc-2e61822f8195",
    "vertices" : [ {
      "x" : 6.108746,
      "y" : -10.472136,
      "z" : 1.745356
    }, {
      "x" : 6.981424,
      "y" : -10.472136,
      "z" : 0.872678
    }, {
      "x" : 6.981424,
      "y" : -11.344814,
      "z" : 0.0
    }, {
      "x" : 6.108746,
      "y" : -12.217492,
      "z" : 0.0
    }, {
      "x" : 5.236068,
      "y" : -12.217492,
      "z" : 0.872678
    }, {
      "x" : 5.236068,
      "y" : -11.344814,
      "z" : 1.745356
    } ],
    "faces" : [ {
      "vertices" : [ 0, 1, 2 ]
    }, {
      "vertices" : [ 0, 2, 3 ]
    }, {
      "vertices" : [ 0, 3, 4 ]
    }, {
      "vertices" : [ 0, 4, 5 ]
    }, {
      "vertices" : [ 0, 5, 4 ]
    }, {
      "vertices" : [ 0, 4, 3 ]
    }, {
      "vertices" : [ 0, 3, 2 ]
    }, {
      "vertices" : [ 0, 2, 1 ]
    } ]
  }, {
    "id" : "a1b2243f-6beb-4d64-8a42-83da77e3ac5b",
    "vertices" : [ {
      "x" : -1.745356,
      "y" : 0.872678,
      "z" : 0.0
    }, {
      "x" : -1.745356,
      "y" : 0.0,
      "z" : -0.872678
    }, {
      "x" : -1.745356,
      "y" : -0.872678,
      "z" : 0.0
    }, {
      "x" : -1.745356,
      "y" : 0.0,
      "z" : 0.872678
    } ],
    "faces" : [ {
      "vertices" : [ 0, 1, 2 ]
    }, {
      "vertices" : [ 0, 2, 3 ]
    }, {
      "vertices" : [ 0, 3, 2 ]
    }, {
      "vertices" : [ 0, 2, 1 ]
    } ]
  }, {
    "id" : "9b963170-8546-41a2-abd5-fb9ea922aea0",
    "vertices" : [ {
      "x" : 5.236068,
      "y" : 0.872678,
      "z" : -6.981424
    }, {
      "x" : 6.108746,
      "y" : 0.0,
      "z" : -6.981424
    }, {
      "x" : 5.236068,
      "y" : -0.872678,
      "z" : -6.981424
    }, {
      "x" : 4.36339,
      "y" : 0.0,
      "z" : -6.981424
    } ],
    "faces" : [ {
      "vertices" : [ 0, 1, 2 ]
    }, {
      "vertices" : [ 0, 2, 3 ]
    }, {
      "vertices" : [ 0, 3, 2 ]
    }, {
      "vertices" : [ 0, 2, 1 ]
    } ]
  }, {
    "id" : "70088a90-2615-439c-8899-5620383250db",
    "vertices" : [ {
      "x" : 0.0,
      "y" : -6.108746,
      "z" : 3.490712
    }, {
      "x" : -0.872678,
      "y" : -5.236068,
      "z" : 3.490712
    }, {
      "x" : -1.745356,
      "y" : -5.236068,
      "z" : 4.36339
    }, {
      "x" : -1.745356,
      "y" : -6.108746,
      "z" : 5.236068
    }, {
      "x" : -0.872678,
      "y" : -6.981424,
      "z" : 5.236068
    }, {
      "x" : 0.0,
      "y" : -6.981424,
      "z" : 4.36339
    } ],
    "faces" : [ {
      "vertices" : [ 0, 1, 2 ]
    }, {
      "vertices" : [ 0, 2, 3 ]
    }, {
      "vertices" : [ 0, 3, 4 ]
    }, {
      "vertices" : [ 0, 4, 5 ]
    }, {
      "vertices" : [ 0, 5, 4 ]
    }, {
      "vertices" : [ 0, 4, 3 ]
    }, {
      "vertices" : [ 0, 3, 2 ]
    }, {
      "vertices" : [ 0, 2, 1 ]
    } ]
  }, {
    "id" : "8828242c-a2aa-416b-be67-6fb70cc8fa97",
    "vertices" : [ {
      "x" : 6.981424,
      "y" : -6.108746,
      "z" : -5.236068
    }, {
      "x" : 6.981424,
      "y" : -5.236068,
      "z" : -6.108746
    }, {
      "x" : 6.108746,
      "y" : -5.236068,
      "z" : -6.981424
    }, {
      "x" : 5.236068,
      "y" : -6.108746,
      "z" : -6.981424
    }, {
      "x" : 5.236068,
      "y" : -6.981424,
      "z" : -6.108746
    }, {
      "x" : 6.108746,
      "y" : -6.981424,
      "z" : -5.236068
    } ],
    "faces" : [ {
      "vertices" : [ 0, 1, 2 ]
    }, {
      "vertices" : [ 0, 2, 3 ]
    }, {
      "vertices" : [ 0, 3, 4 ]
    }, {
      "vertices" : [ 0, 4, 5 ]
    }, {
      "vertices" : [ 0, 5, 4 ]
    }, {
      "vertices" : [ 0, 4, 3 ]
    }, {
      "vertices" : [ 0, 3, 2 ]
    }, {
      "vertices" : [ 0, 2, 1 ]
    } ]
  }, {
    "id" : "90bbeef1-4179-4da4-9d76-82495a541f32",
    "vertices" : [ {
      "x" : -5.236068,
      "y" : 6.108746,
      "z" : 6.981424
    }, {
      "x" : -5.236068,
      "y" : 6.981424,
      "z" : 6.108746
    }, {
      "x" : -4.36339,
      "y" : 6.981424,
      "z" : 5.236068
    }, {
      "x" : -3.490712,
      "y" : 6.108746,
      "z" : 5.236068
    }, {
      "x" : -3.490712,
      "y" : 5.236068,
      "z" : 6.108746
    }, {
      "x" : -4.36339,
      "y" : 5.236068,
      "z" : 6.981424
    } ],
    "faces" : [ {
      "vertices" : [ 0, 1, 2 ]
    }, {
      "vertices" : [ 0, 2, 3 ]
    }, {
      "vertices" : [ 0, 3, 4 ]
    }, {
      "vertices" : [ 0, 4, 5 ]
    }, {
      "vertices" : [ 0, 5, 4 ]
    }, {
      "vertices" : [ 0, 4, 3 ]
    }, {
      "vertices" : [ 0, 3, 2 ]
    }, {
      "vertices" : [ 0, 2, 1 ]
    } ]
  }, {
    "id" : "b0a8690f-2837-439a-97da-3d7752cbcc3a",
    "vertices" : [ {
      "x" : 1.745356,
      "y" : -0.872678,
      "z" : 5.236068
    }, {
      "x" : 1.745356,
      "y" : 0.0,
      "z" : 4.36339
    }, {
      "x" : 0.872678,
      "y" : 0.0,
      "z" : 3.490712
    }, {
      "x" : 0.0,
      "y" : -0.872678,
      "z" : 3.490712
    }, {
      "x" : 0.0,
      "y" : -1.745356,
      "z" : 4.36339
    }, {
      "x" : 0.872678,
      "y" : -1.745356,
      "z" : 5.236068
    } ],
    "faces" : [ {
      "vertices" : [ 0, 1, 2 ]
    }, {
      "vertices" : [ 0, 2, 3 ]
    }, {
      "vertices" : [ 0, 3, 4 ]
    }, {
      "vertices" : [ 0, 4, 5 ]
    }, {
      "vertices" : [ 0, 5, 4 ]
    }, {
      "vertices" : [ 0, 4, 3 ]
    }, {
      "vertices" : [ 0, 3, 2 ]
    }, {
      "vertices" : [ 0, 2, 1 ]
    } ]
  }, {
    "id" : "1aae8142-4236-4678-8315-e01cdf5e4854",
    "vertices" : [ {
      "x" : -5.236068,
      "y" : 4.36339,
      "z" : 3.490712
    }, {
      "x" : -6.108746,
      "y" : 5.236068,
      "z" : 3.490712
    }, {
      "x" : -6.981424,
      "y" : 5.236068,
      "z" : 4.36339
    }, {
      "x" : -6.981424,
      "y" : 4.36339,
      "z" : 5.236068
    }, {
      "x" : -6.108746,
      "y" : 3.490712,
      "z" : 5.236068
    }, {
      "x" : -5.236068,
      "y" : 3.490712,
      "z" : 4.36339
    } ],
    "faces" : [ {
      "vertices" : [ 0, 1, 2 ]
    }, {
      "vertices" : [ 0, 2, 3 ]
    }, {
      "vertices" : [ 0, 3, 4 ]
    }, {
      "vertices" : [ 0, 4, 5 ]
    }, {
      "vertices" : [ 0, 5, 4 ]
    }, {
      "vertices" : [ 0, 4, 3 ]
    }, {
      "vertices" : [ 0, 3, 2 ]
    }, {
      "vertices" : [ 0, 2, 1 ]
    } ]
  }, {
    "id" : "f648f628-e36b-4b59-bb6c-2f003caf405b",
    "vertices" : [ {
      "x" : -1.745356,
      "y" : -4.36339,
      "z" : 10.472136
    }, {
      "x" : -0.872678,
      "y" : -3.490712,
      "z" : 10.472136
    }, {
      "x" : 0.0,
      "y" : -3.490712,
      "z" : 11.344814
    }, {
      "x" : 0.0,
      "y" : -4.36339,
      "z" : 12.217492
    }, {
      "x" : -0.872678,
      "y" : -5.236068,
      "z" : 12.217492
    }, {
      "x" : -1.745356,
      "y" : -5.236068,
      "z" : 11.344814
    } ],
    "faces" : [ {
      "vertices" : [ 0, 1, 2 ]
    }, {
      "vertices" : [ 0, 2, 3 ]
    }, {
      "vertices" : [ 0, 3, 4 ]
    }, {
      "vertices" : [ 0, 4, 5 ]
    }, {
      "vertices" : [ 0, 5, 4 ]
    }, {
      "vertices" : [ 0, 4, 3 ]
    }, {
      "vertices" : [ 0, 3, 2 ]
    }, {
      "vertices" : [ 0, 2, 1 ]
    } ]
  }, {
    "id" : "bd3c56bf-dffc-4e61-9a68-03be408635a7",
    "vertices" : [ {
      "x" : 5.236068,
      "y" : -4.36339,
      "z" : -1.745356
    }, {
      "x" : 6.108746,
      "y" : -5.236068,
      "z" : -1.745356
    }, {
      "x" : 5.236068,
      "y" : -6.108746,
      "z" : -1.745356
    }, {
      "x" : 4.36339,
      "y" : -5.236068,
      "z" : -1.745356
    } ],
    "faces" : [ {
      "vertices" : [ 0, 1, 2 ]
    }, {
      "vertices" : [ 0, 2, 3 ]
    }, {
      "vertices" : [ 0, 3, 2 ]
    }, {
      "vertices" : [ 0, 2, 1 ]
    } ]
  }, {
    "id" : "97f36e6f-b9bf-4beb-b9f5-339114385838",
    "vertices" : [ {
      "x" : 3.490712,
      "y" : -0.872678,
      "z" : 0.0
    }, {
      "x" : 3.490712,
      "y" : 0.0,
      "z" : 0.872678
    }, {
      "x" : 4.36339,
      "y" : 0.0,
      "z" : 1.745356
    }, {
      "x" : 5.236068,
      "y" : -0.872678,
      "z" : 1.745356
    }, {
      "x" : 5.236068,
      "y" : -1.745356,
      "z" : 0.872678
    }, {
      "x" : 4.36339,
      "y" : -1.745356,
      "z" : 0.0
    } ],
    "faces" : [ {
      "vertices" : [ 0, 1, 2 ]
    }, {
      "vertices" : [ 0, 2, 3 ]
    }, {
      "vertices" : [ 0, 3, 4 ]
    }, {
      "vertices" : [ 0, 4, 5 ]
    }, {
      "vertices" : [ 0, 5, 4 ]
    }, {
      "vertices" : [ 0, 4, 3 ]
    }, {
      "vertices" : [ 0, 3, 2 ]
    }, {
      "vertices" : [ 0, 2, 1 ]
    } ]
  }, {
    "id" : "201067e4-582d-4a54-8c86-cfcd837d79ef",
    "vertices" : [ {
      "x" : 5.236068,
      "y" : -4.36339,
      "z" : -1.745356
    }, {
      "x" : 5.236068,
      "y" : -3.490712,
      "z" : -0.872678
    }, {
      "x" : 4.36339,
      "y" : -3.490712,
      "z" : 0.0
    }, {
      "x" : 3.490712,
      "y" : -4.36339,
      "z" : 0.0
    }, {
      "x" : 3.490712,
      "y" : -5.236068,
      "z" : -0.872678
    }, {
      "x" : 4.36339,
      "y" : -5.236068,
      "z" : -1.745356
    } ],
    "faces" : [ {
      "vertices" : [ 0, 1, 2 ]
    }, {
      "vertices" : [ 0, 2, 3 ]
    }, {
      "vertices" : [ 0, 3, 4 ]
    }, {
      "vertices" : [ 0, 4, 5 ]
    }, {
      "vertices" : [ 0, 5, 4 ]
    }, {
      "vertices" : [ 0, 4, 3 ]
    }, {
      "vertices" : [ 0, 3, 2 ]
    }, {
      "vertices" : [ 0, 2, 1 ]
    } ]
  }, {
    "id" : "9f693897-8bbe-4032-8994-bbf3dcc7f1a2",
    "vertices" : [ {
      "x" : 1.745356,
      "y" : -6.108746,
      "z" : 10.472136
    }, {
      "x" : 1.745356,
      "y" : -5.236068,
      "z" : 9.599458
    }, {
      "x" : 0.872678,
      "y" : -5.236068,
      "z" : 8.72678
    }, {
      "x" : 0.0,
      "y" : -6.108746,
      "z" : 8.72678
    }, {
      "x" : 0.0,
      "y" : -6.981424,
      "z" : 9.599458
    }, {
      "x" : 0.872678,
      "y" : -6.981424,
      "z" : 10.472136
    } ],
    "faces" : [ {
      "vertices" : [ 0, 1, 2 ]
    }, {
      "vertices" : [ 0, 2, 3 ]
    }, {
      "vertices" : [ 0, 3, 4 ]
    }, {
      "vertices" : [ 0, 4, 5 ]
    }, {
      "vertices" : [ 0, 5, 4 ]
    }, {
      "vertices" : [ 0, 4, 3 ]
    }, {
      "vertices" : [ 0, 3, 2 ]
    }, {
      "vertices" : [ 0, 2, 1 ]
    } ]
  }, {
    "id" : "3647157d-c4ec-4918-851f-ced409aad678",
    "vertices" : [ {
      "x" : 3.490712,
      "y" : -4.36339,
      "z" : 0.0
    }, {
      "x" : 3.490712,
      "y" : -5.236068,
      "z" : -0.872678
    }, {
      "x" : 3.490712,
      "y" : -6.108746,
      "z" : 0.0
    }, {
      "x" : 3.490712,
      "y" : -5.236068,
      "z" : 0.872678
    } ],
    "faces" : [ {
      "vertices" : [ 0, 1, 2 ]
    }, {
      "vertices" : [ 0, 2, 3 ]
    }, {
      "vertices" : [ 0, 3, 2 ]
    }, {
      "vertices" : [ 0, 2, 1 ]
    } ]
  }, {
    "id" : "bc766fc7-c9ec-4fc9-a967-648415a80555",
    "vertices" : [ {
      "x" : -3.490712,
      "y" : 9.599458,
      "z" : -5.236068
    }, {
      "x" : -3.490712,
      "y" : 10.472136,
      "z" : -6.108746
    }, {
      "x" : -4.36339,
      "y" : 10.472136,
      "z" : -6.981424
    }, {
      "x" : -5.236068,
      "y" : 9.599458,
      "z" : -6.981424
    }, {
      "x" : -5.236068,
      "y" : 8.72678,
      "z" : -6.108746
    }, {
      "x" : -4.36339,
      "y" : 8.72678,
      "z" : -5.236068
    } ],
    "faces" : [ {
      "vertices" : [ 0, 1, 2 ]
    }, {
      "vertices" : [ 0, 2, 3 ]
    }, {
      "vertices" : [ 0, 3, 4 ]
    }, {
      "vertices" : [ 0, 4, 5 ]
    }, {
      "vertices" : [ 0, 5, 4 ]
    }, {
      "vertices" : [ 0, 4, 3 ]
    }, {
      "vertices" : [ 0, 3, 2 ]
    }, {
      "vertices" : [ 0, 2, 1 ]
    } ]
  }, {
    "id" : "908c10ac-11bb-49b6-ab0c-2413e98adcf0",
    "vertices" : [ {
      "x" : 0.0,
      "y" : 0.872678,
      "z" : -3.490712
    }, {
      "x" : 0.0,
      "y" : 1.745356,
      "z" : -4.36339
    }, {
      "x" : 0.872678,
      "y" : 1.745356,
      "z" : -5.236068
    }, {
      "x" : 1.745356,
      "y" : 0.872678,
      "z" : -5.236068
    }, {
      "x" : 1.745356,
      "y" : 0.0,
      "z" : -4.36339
    }, {
      "x" : 0.872678,
      "y" : 0.0,
      "z" : -3.490712
    } ],
    "faces" : [ {
      "vertices" : [ 0, 1, 2 ]
    }, {
      "vertices" : [ 0, 2, 3 ]
    }, {
      "vertices" : [ 0, 3, 4 ]
    }, {
      "vertices" : [ 0, 4, 5 ]
    }, {
      "vertices" : [ 0, 5, 4 ]
    }, {
      "vertices" : [ 0, 4, 3 ]
    }, {
      "vertices" : [ 0, 3, 2 ]
    }, {
      "vertices" : [ 0, 2, 1 ]
    } ]
  }, {
    "id" : "7566d199-ac43-410f-9445-cda3f5f77f9a",
    "vertices" : [ {
      "x" : 1.745356,
      "y" : -5.236068,
      "z" : 0.872678
    }, {
      "x" : 1.745356,
      "y" : -4.36339,
      "z" : 0.0
    }, {
      "x" : 1.745356,
      "y" : -5.236068,
      "z" : -0.872678
    }, {
      "x" : 1.745356,
      "y" : -6.108746,
      "z" : 0.0
    } ],
    "faces" : [ {
      "vertices" : [ 0, 1, 2 ]
    }, {
      "vertices" : [ 0, 2, 3 ]
    }, {
      "vertices" : [ 0, 3, 2 ]
    }, {
      "vertices" : [ 0, 2, 1 ]
    } ]
  }, {
    "id" : "ebe5f9b2-8938-48e6-bcf1-48161e17beca",
    "vertices" : [ {
      "x" : 1.745356,
      "y" : 0.0,
      "z" : 6.108746
    }, {
      "x" : 1.745356,
      "y" : 0.872678,
      "z" : 5.236068
    }, {
      "x" : 1.745356,
      "y" : 0.0,
      "z" : 4.36339
    }, {
      "x" : 1.745356,
      "y" : -0.872678,
      "z" : 5.236068
    } ],
    "faces" : [ {
      "vertices" : [ 0, 1, 2 ]
    }, {
      "vertices" : [ 0, 2, 3 ]
    }, {
      "vertices" : [ 0, 3, 2 ]
    }, {
      "vertices" : [ 0, 2, 1 ]
    } ]
  }, {
    "id" : "2e52ffa7-3432-4186-89b9-1c7655d3821f",
    "vertices" : [ {
      "x" : 0.872678,
      "y" : -5.236068,
      "z" : 1.745356
    }, {
      "x" : 1.745356,
      "y" : -5.236068,
      "z" : 0.872678
    }, {
      "x" : 1.745356,
      "y" : -6.108746,
      "z" : 0.0
    }, {
      "x" : 0.872678,
      "y" : -6.981424,
      "z" : 0.0
    }, {
      "x" : 0.0,
      "y" : -6.981424,
      "z" : 0.872678
    }, {
      "x" : 0.0,
      "y" : -6.108746,
      "z" : 1.745356
    } ],
    "faces" : [ {
      "vertices" : [ 0, 1, 2 ]
    }, {
      "vertices" : [ 0, 2, 3 ]
    }, {
      "vertices" : [ 0, 3, 4 ]
    }, {
      "vertices" : [ 0, 4, 5 ]
    }, {
      "vertices" : [ 0, 5, 4 ]
    }, {
      "vertices" : [ 0, 4, 3 ]
    }, {
      "vertices" : [ 0, 3, 2 ]
    }, {
      "vertices" : [ 0, 2, 1 ]
    } ]
  }, {
    "id" : "0f898b6a-64d6-4fe5-8011-921194ee1697",
    "vertices" : [ {
      "x" : 6.108746,
      "y" : -5.236068,
      "z" : 1.745356
    }, {
      "x" : 6.981424,
      "y" : -5.236068,
      "z" : 0.872678
    }, {
      "x" : 6.981424,
      "y" : -6.108746,
      "z" : 0.0
    }, {
      "x" : 6.108746,
      "y" : -6.981424,
      "z" : 0.0
    }, {
      "x" : 5.236068,
      "y" : -6.981424,
      "z" : 0.872678
    }, {
      "x" : 5.236068,
      "y" : -6.108746,
      "z" : 1.745356
    } ],
    "faces" : [ {
      "vertices" : [ 0, 1, 2 ]
    }, {
      "vertices" : [ 0, 2, 3 ]
    }, {
      "vertices" : [ 0, 3, 4 ]
    }, {
      "vertices" : [ 0, 4, 5 ]
    }, {
      "vertices" : [ 0, 5, 4 ]
    }, {
      "vertices" : [ 0, 4, 3 ]
    }, {
      "vertices" : [ 0, 3, 2 ]
    }, {
      "vertices" : [ 0, 2, 1 ]
    } ]
  }, {
    "id" : "c9fb74f9-30b0-4f22-8a40-7f9189c44aac",
    "vertices" : [ {
      "x" : -6.981424,
      "y" : 4.36339,
      "z" : 0.0
    }, {
      "x" : -6.981424,
      "y" : 5.236068,
      "z" : 0.872678
    }, {
      "x" : -6.108746,
      "y" : 5.236068,
      "z" : 1.745356
    }, {
      "x" : -5.236068,
      "y" : 4.36339,
      "z" : 1.745356
    }, {
      "x" : -5.236068,
      "y" : 3.490712,
      "z" : 0.872678
    }, {
      "x" : -6.108746,
      "y" : 3.490712,
      "z" : 0.0
    } ],
    "faces" : [ {
      "vertices" : [ 0, 1, 2 ]
    }, {
      "vertices" : [ 0, 2, 3 ]
    }, {
      "vertices" : [ 0, 3, 4 ]
    }, {
      "vertices" : [ 0, 4, 5 ]
    }, {
      "vertices" : [ 0, 5, 4 ]
    }, {
      "vertices" : [ 0, 4, 3 ]
    }, {
      "vertices" : [ 0, 3, 2 ]
    }, {
      "vertices" : [ 0, 2, 1 ]
    } ]
  }, {
    "id" : "37968c20-4ad5-48bd-9fce-f9a7823c6b52",
    "vertices" : [ {
      "x" : 0.0,
      "y" : -0.872678,
      "z" : -1.745356
    }, {
      "x" : -0.872678,
      "y" : 0.0,
      "z" : -1.745356
    }, {
      "x" : -1.745356,
      "y" : 0.0,
      "z" : -0.872678
    }, {
      "x" : -1.745356,
      "y" : -0.872678,
      "z" : 0.0
    }, {
      "x" : -0.872678,
      "y" : -1.745356,
      "z" : 0.0
    }, {
      "x" : 0.0,
      "y" : -1.745356,
      "z" : -0.872678
    } ],
    "faces" : [ {
      "vertices" : [ 0, 1, 2 ]
    }, {
      "vertices" : [ 0, 2, 3 ]
    }, {
      "vertices" : [ 0, 3, 4 ]
    }, {
      "vertices" : [ 0, 4, 5 ]
    }, {
      "vertices" : [ 0, 5, 4 ]
    }, {
      "vertices" : [ 0, 4, 3 ]
    }, {
      "vertices" : [ 0, 3, 2 ]
    }, {
      "vertices" : [ 0, 2, 1 ]
    } ]
  }, {
    "id" : "98aecfcb-069c-4e56-ad13-b75eacaccf77",
    "vertices" : [ {
      "x" : 5.236068,
      "y" : -4.36339,
      "z" : -3.490712
    }, {
      "x" : 6.108746,
      "y" : -5.236068,
      "z" : -3.490712
    }, {
      "x" : 5.236068,
      "y" : -6.108746,
      "z" : -3.490712
    }, {
      "x" : 4.36339,
      "y" : -5.236068,
      "z" : -3.490712
    } ],
    "faces" : [ {
      "vertices" : [ 0, 1, 2 ]
    }, {
      "vertices" : [ 0, 2, 3 ]
    }, {
      "vertices" : [ 0, 3, 2 ]
    }, {
      "vertices" : [ 0, 2, 1 ]
    } ]
  }, {
    "id" : "4e60c475-1865-457f-be24-2edd9cdd4ebe",
    "vertices" : [ {
      "x" : 6.981424,
      "y" : -0.872678,
      "z" : -5.236068
    }, {
      "x" : 6.981424,
      "y" : 0.0,
      "z" : -6.108746
    }, {
      "x" : 6.108746,
      "y" : 0.0,
      "z" : -6.981424
    }, {
      "x" : 5.236068,
      "y" : -0.872678,
      "z" : -6.981424
    }, {
      "x" : 5.236068,
      "y" : -1.745356,
      "z" : -6.108746
    }, {
      "x" : 6.108746,
      "y" : -1.745356,
      "z" : -5.236068
    } ],
    "faces" : [ {
      "vertices" : [ 0, 1, 2 ]
    }, {
      "vertices" : [ 0, 2, 3 ]
    }, {
      "vertices" : [ 0, 3, 4 ]
    }, {
      "vertices" : [ 0, 4, 5 ]
    }, {
      "vertices" : [ 0, 5, 4 ]
    }, {
      "vertices" : [ 0, 4, 3 ]
    }, {
      "vertices" : [ 0, 3, 2 ]
    }, {
      "vertices" : [ 0, 2, 1 ]
    } ]
  }, {
    "id" : "aea20c00-a1ce-4434-b46b-42b7e68285be",
    "vertices" : [ {
      "x" : 3.490712,
      "y" : -11.344814,
      "z" : -5.236068
    }, {
      "x" : 3.490712,
      "y" : -10.472136,
      "z" : -4.36339
    }, {
      "x" : 4.36339,
      "y" : -10.472136,
      "z" : -3.490712
    }, {
      "x" : 5.236068,
      "y" : -11.344814,
      "z" : -3.490712
    }, {
      "x" : 5.236068,
      "y" : -12.217492,
      "z" : -4.36339
    }, {
      "x" : 4.36339,
      "y" : -12.217492,
      "z" : -5.236068
    } ],
    "faces" : [ {
      "vertices" : [ 0, 1, 2 ]
    }, {
      "vertices" : [ 0, 2, 3 ]
    }, {
      "vertices" : [ 0, 3, 4 ]
    }, {
      "vertices" : [ 0, 4, 5 ]
    }, {
      "vertices" : [ 0, 5, 4 ]
    }, {
      "vertices" : [ 0, 4, 3 ]
    }, {
      "vertices" : [ 0, 3, 2 ]
    }, {
      "vertices" : [ 0, 2, 1 ]
    } ]
  }, {
    "id" : "28022c2a-1c1a-4fad-8749-078b9ff22e01",
    "vertices" : [ {
      "x" : -3.490712,
      "y" : 0.872678,
      "z" : 10.472136
    }, {
      "x" : -4.36339,
      "y" : 1.745356,
      "z" : 10.472136
    }, {
      "x" : -5.236068,
      "y" : 1.745356,
      "z" : 9.599458
    }, {
